<?xml version="1.0" encoding="utf-8"?>
<COLLADA xmlns="http://www.collada.org/2005/11/COLLADASchema" version="1.4.1">
  <asset><contributor><author>Mixamo</author><authoring_tool>COLLADA Mixamo exporter</authoring_tool><comments></comments></contributor><created>2019-03-10T20:51:44Z</created><modified>2019-03-10T20:51:44Z</modified><revision></revision><title></title><unit meter="0.010000"/><up_axis>Y_UP</up_axis></asset>
  <library_animations>
    <animation id="mixamorig_Hips-anim" name="mixamorig_Hips"><source id="mixamorig_Hips-Matrix-animation-input"><float_array id="mixamorig_Hips-Matrix-animation-input-array" count="33">

0.000000 0.033333 0.066667 0.100000 0.133333 0.166667 0.200000 0.233333 0.266667 0.300000 0.333333 0.366667 0.400000 0.433333 0.466667 0.500000
0.533333 0.566667 0.600000 0.633333 0.666667 0.700000 0.733333 0.766667 0.800000 0.833333 0.866667 0.900000 0.933333 0.966667 1.000000 1.033333
1.066667</float_array><technique_common><accessor source="#mixamorig_Hips-Matrix-animation-input-array" count="33"><param name="TIME" type="float"/></accessor></technique_common></source><source id="mixamorig_Hips-Matrix-animation-output-transform"><float_array id="mixamorig_Hips-Matrix-animation-output-transform-array" count="528">

0.827433 0.056899 -0.558674 -0.176177 -0.042612 0.998347 0.038568 91.542267 0.559945 -0.008106 0.828490 0.343700 0.000000 0.000000 0.000000 1.000000
0.827521 0.056691 -0.558565 -0.174173 -0.042470 0.998359 0.038407 91.549881 0.559826 -0.008060 0.828571 0.339631 0.000000 0.000000 0.000000 1.000000
0.827554 0.056491 -0.558536 -0.165398 -0.042278 0.998370 0.038334 91.560669 0.559791 -0.008109 0.828594 0.330816 0.000000 0.000000 0.000000 1.000000
0.827579 0.056253 -0.558524 -0.148824 -0.042009 0.998383 0.038310 91.572548 0.559775 -0.008242 0.828603 0.315434 0.000000 0.000000 0.000000 1.000000
0.827591 0.056010 -0.558530 -0.124261 -0.041693 0.998394 0.038342 91.580780 0.559781 -0.008445 0.828597 0.292318 0.000000 0.000000 0.000000 1.000000
0.827565 0.055786 -0.558591 -0.093431 -0.041365 0.998405 0.038427 91.578453 0.559843 -0.008695 0.828553 0.261752 0.000000 0.000000 0.000000 1.000000
0.827562 0.055479 -0.558626 -0.060965 -0.040991 0.998420 0.038431 91.561646 0.559875 -0.008906 0.828529 0.226141 0.000000 0.000000 0.000000 1.000000
0.827738 0.055097 -0.558404 -0.031739 -0.040615 0.998440 0.038311 91.533478 0.559644 -0.009032 0.828684 0.189330 0.000000 0.000000 0.000000 1.000000
0.828201 0.054922 -0.557734 -0.008015 -0.040431 0.998449 0.038283 91.502083 0.558971 -0.009156 0.829137 0.155083 0.000000 0.000000 0.000000 1.000000
0.828873 0.055086 -0.556719 0.009396 -0.040517 0.998438 0.038469 91.473465 0.557968 -0.009330 0.829810 0.126582 0.000000 0.000000 0.000000 1.000000
0.829502 0.055340 -0.555756 0.021421 -0.040692 0.998423 0.038684 91.445114 0.557020 -0.009474 0.830445 0.103898 0.000000 0.000000 0.000000 1.000000
0.829894 0.055495 -0.555154 0.031762 -0.040812 0.998413 0.038794 91.409386 0.556427 -0.009538 0.830842 0.082644 0.000000 0.000000 0.000000 1.000000
0.830082 0.055725 -0.554850 0.043020 -0.040960 0.998400 0.038995 91.359627 0.556135 -0.009642 0.831036 0.059247 0.000000 0.000000 0.000000 1.000000
0.830211 0.056195 -0.554609 0.054565 -0.041193 0.998370 0.039496 91.294991 0.555925 -0.009944 0.831173 0.033320 0.000000 0.000000 0.000000 1.000000
0.830354 0.056678 -0.554347 0.066260 -0.041322 0.998338 0.040178 91.221581 0.555703 -0.010455 0.831315 0.003817 0.000000 0.000000 0.000000 1.000000
0.830492 0.056955 -0.554112 0.080813 -0.041213 0.998315 0.040843 91.142906 0.555504 -0.011083 0.831440 -0.029841 0.000000 0.000000 0.000000 1.000000
0.830656 0.057160 -0.553844 0.098903 -0.040996 0.998295 0.041544 91.065216 0.555275 -0.011804 0.831583 -0.066753 0.000000 0.000000 0.000000 1.000000
0.830931 0.057439 -0.553403 0.118392 -0.040818 0.998270 0.042325 90.991837 0.554876 -0.012581 0.831838 -0.104343 0.000000 0.000000 0.000000 1.000000
0.831346 0.057597 -0.552763 0.137469 -0.040558 0.998251 0.043018 90.917282 0.554274 -0.013344 0.832228 -0.142242 0.000000 0.000000 0.000000 1.000000
0.831869 0.057481 -0.551988 0.156280 -0.040079 0.998247 0.043551 90.834915 0.553523 -0.014106 0.832714 -0.183914 0.000000 0.000000 0.000000 1.000000
0.832483 0.057271 -0.551083 0.175908 -0.039493 0.998247 0.044084 90.747879 0.552642 -0.014935 0.833285 -0.232088 0.000000 0.000000 0.000000 1.000000
0.833173 0.057207 -0.550045 0.196021 -0.039006 0.998237 0.044736 90.666588 0.551635 -0.015818 0.833936 -0.284825 0.000000 0.000000 0.000000 1.000000
0.833882 0.057256 -0.548965 0.215445 -0.038654 0.998221 0.045397 90.596848 0.550588 -0.016636 0.834611 -0.337775 0.000000 0.000000 0.000000 1.000000
0.834556 0.057254 -0.547941 0.233592 -0.038316 0.998209 0.045944 90.540436 0.549590 -0.017348 0.835255 -0.388422 0.000000 0.000000 0.000000 1.000000
0.835194 0.057216 -0.546971 0.249500 -0.037989 0.998200 0.046409 90.500023 0.548642 -0.017982 0.835864 -0.436252 0.000000 0.000000 0.000000 1.000000
0.835794 0.057230 -0.546052 0.261228 -0.037806 0.998191 0.046751 90.475426 0.547740 -0.018430 0.836446 -0.479814 0.000000 0.000000 0.000000 1.000000
0.836314 0.057258 -0.545252 0.267233 -0.037823 0.998188 0.046808 90.462509 0.546944 -0.018523 0.836964 -0.515213 0.000000 0.000000 0.000000 1.000000
0.836723 0.057215 -0.544630 0.268191 -0.037927 0.998194 0.046595 90.456902 0.546312 -0.018331 0.837381 -0.540399 0.000000 0.000000 0.000000 1.000000
0.837045 0.057071 -0.544149 0.266603 -0.037939 0.998205 0.046333 90.455360 0.545817 -0.018138 0.837708 -0.557460 0.000000 0.000000 0.000000 1.000000
0.837315 0.056919 -0.543750 0.263954 -0.037835 0.998214 0.046231 90.452499 0.545411 -0.018137 0.837973 -0.567877 0.000000 0.000000 0.000000 1.000000
0.837484 0.056900 -0.543491 0.258650 -0.037695 0.998210 0.046421 90.445488 0.545160 -0.018390 0.838130 -0.570955 0.000000 0.000000 0.000000 1.000000
0.837504 0.057053 -0.543445 0.248806 -0.037568 0.998193 0.046898 90.436844 0.545139 -0.018861 0.838134 -0.565347 0.000000 0.000000 0.000000 1.000000
0.837450 0.057264 -0.543505 0.234186 -0.037410 0.998169 0.047524 90.430862 0.545231 -0.019467 0.838059 -0.551716 0.000000 0.000000 0.000000 1.000000</float_array><technique_common><accessor source="#mixamorig_Hips-Matrix-animation-output-transform-array" count="33" stride="16"><param type="float4x4"/></accessor></technique_common></source><source id="mixamorig_Hips-Interpolations"><Name_array id="mixamorig_Hips-Interpolations-array" count="33">
 LINEAR LINEAR LINEAR LINEAR LINEAR LINEAR LINEAR LINEAR LINEAR LINEAR LINEAR
LINEAR LINEAR LINEAR LINEAR LINEAR LINEAR LINEAR LINEAR LINEAR LINEAR LINEAR LINEAR
LINEAR LINEAR LINEAR LINEAR LINEAR LINEAR LINEAR LINEAR LINEAR LINEAR</Name_array><technique_common><accessor source="#mixamorig_Hips-Interpolations-array" count="33"><param type="name"/></accessor></technique_common></source><sampler id="mixamorig_Hips-Matrix-animation-transform"><input semantic="INPUT" source="#mixamorig_Hips-Matrix-animation-input"/><input semantic="OUTPUT" source="#mixamorig_Hips-Matrix-animation-output-transform"/><input semantic="INTERPOLATION" source="#mixamorig_Hips-Interpolations"/></sampler><channel source="#mixamorig_Hips-Matrix-animation-transform" target="mixamorig_Hips/matrix"/></animation>
    <animation id="mixamorig_Spine-anim" name="mixamorig_Spine"><source id="mixamorig_Spine-Matrix-animation-input"><float_array id="mixamorig_Spine-Matrix-animation-input-array" count="33">

0.000000 0.033333 0.066667 0.100000 0.133333 0.166667 0.200000 0.233333 0.266667 0.300000 0.333333 0.366667 0.400000 0.433333 0.466667 0.500000
0.533333 0.566667 0.600000 0.633333 0.666667 0.700000 0.733333 0.766667 0.800000 0.833333 0.866667 0.900000 0.933333 0.966667 1.000000 1.033333
1.066667</float_array><technique_common><accessor source="#mixamorig_Spine-Matrix-animation-input-array" count="33"><param name="TIME" type="float"/></accessor></technique_common></source><source id="mixamorig_Spine-Matrix-animation-output-transform"><float_array id="mixamorig_Spine-Matrix-animation-output-transform-array" count="528">

0.999575 -0.010240 0.027295 0.012400 0.010945 0.999607 -0.025813 10.445200 -0.027020 0.026100 0.999294 -0.996300 0.000000 0.000000 0.000000 1.000000
0.999574 -0.010276 0.027329 0.012400 0.010986 0.999603 -0.025952 10.445200 -0.027052 0.026241 0.999290 -0.996300 0.000000 0.000000 0.000000 1.000000
0.999572 -0.010303 0.027391 0.012400 0.011021 0.999596 -0.026191 10.445200 -0.027110 0.026482 0.999282 -0.996300 0.000000 0.000000 0.000000 1.000000
0.999569 -0.010321 0.027486 0.012400 0.011051 0.999587 -0.026544 10.445200 -0.027201 0.026837 0.999270 -0.996300 0.000000 0.000000 0.000000 1.000000
0.999566 -0.010331 0.027599 0.012400 0.011077 0.999574 -0.027012 10.445200 -0.027308 0.027306 0.999254 -0.996300 0.000000 0.000000 0.000000 1.000000
0.999563 -0.010302 0.027712 0.012400 0.011066 0.999559 -0.027556 10.445200 -0.027416 0.027851 0.999236 -0.996300 0.000000 0.000000 0.000000 1.000000
0.999561 -0.010208 0.027816 0.012400 0.010990 0.999545 -0.028102 10.445200 -0.027517 0.028395 0.999218 -0.996300 0.000000 0.000000 0.000000 1.000000
0.999560 -0.010104 0.027905 0.012400 0.010902 0.999532 -0.028592 10.445200 -0.027603 0.028883 0.999202 -0.996300 0.000000 0.000000 0.000000 1.000000
0.999558 -0.010085 0.027964 0.012400 0.010896 0.999520 -0.029013 10.445200 -0.027658 0.029304 0.999188 -0.996300 0.000000 0.000000 0.000000 1.000000
0.999557 -0.010152 0.027980 0.012400 0.010973 0.999509 -0.029346 10.445200 -0.027669 0.029640 0.999178 -0.996300 0.000000 0.000000 0.000000 1.000000
0.999558 -0.010183 0.027929 0.012400 0.011009 0.999502 -0.029567 10.445200 -0.027614 0.029862 0.999173 -0.996300 0.000000 0.000000 0.000000 1.000000
0.999563 -0.010117 0.027787 0.012400 0.010943 0.999497 -0.029761 10.445200 -0.027472 0.030053 0.999171 -0.996300 0.000000 0.000000 0.000000 1.000000
0.999569 -0.010043 0.027585 0.012400 0.010873 0.999488 -0.030085 10.445200 -0.027269 0.030372 0.999167 -0.996300 0.000000 0.000000 0.000000 1.000000
0.999573 -0.010042 0.027423 0.012400 0.010879 0.999474 -0.030553 10.445200 -0.027102 0.030838 0.999157 -0.996300 0.000000 0.000000 0.000000 1.000000
0.999575 -0.010052 0.027367 0.012400 0.010900 0.999459 -0.031035 10.445200 -0.027041 0.031320 0.999144 -0.996300 0.000000 0.000000 0.000000 1.000000
0.999575 -0.010019 0.027383 0.012400 0.010879 0.999446 -0.031457 10.445200 -0.027052 0.031741 0.999130 -0.996300 0.000000 0.000000 0.000000 1.000000
0.999574 -0.009995 0.027415 0.012400 0.010867 0.999433 -0.031878 10.445200 -0.027081 0.032162 0.999116 -0.996300 0.000000 0.000000 0.000000 1.000000
0.999574 -0.010019 0.027420 0.012400 0.010904 0.999418 -0.032327 10.445200 -0.027080 0.032613 0.999101 -0.996300 0.000000 0.000000 0.000000 1.000000
0.999577 -0.009996 0.027324 0.012400 0.010889 0.999404 -0.032747 10.445200 -0.026981 0.033030 0.999090 -0.996300 0.000000 0.000000 0.000000 1.000000
0.999585 -0.009831 0.027079 0.012400 0.010726 0.999394 -0.033109 10.445200 -0.026737 0.033386 0.999085 -0.996300 0.000000 0.000000 0.000000 1.000000
0.999597 -0.009589 0.026737 0.012400 0.010482 0.999385 -0.033476 10.445200 -0.026399 0.033743 0.999082 -0.996300 0.000000 0.000000 0.000000 1.000000
0.999605 -0.009401 0.026472 0.012400 0.010297 0.999372 -0.033894 10.445200 -0.026137 0.034153 0.999075 -0.996300 0.000000 0.000000 0.000000 1.000000
0.999608 -0.009273 0.026404 0.012400 0.010177 0.999359 -0.034308 10.445200 -0.026069 0.034563 0.999062 -0.996300 0.000000 0.000000 0.000000 1.000000
0.999608 -0.009104 0.026486 0.012400 0.010021 0.999348 -0.034688 10.445200 -0.026153 0.034940 0.999047 -0.996300 0.000000 0.000000 0.000000 1.000000
0.999607 -0.008880 0.026578 0.012400 0.009810 0.999337 -0.035075 10.445200 -0.026249 0.035321 0.999031 -0.996300 0.000000 0.000000 0.000000 1.000000
0.999609 -0.008682 0.026583 0.012400 0.009622 0.999326 -0.035436 10.445200 -0.026258 0.035678 0.999018 -0.996300 0.000000 0.000000 0.000000 1.000000
0.999612 -0.008577 0.026518 0.012400 0.009521 0.999318 -0.035665 10.445200 -0.026194 0.035904 0.999012 -0.996300 0.000000 0.000000 0.000000 1.000000
0.999614 -0.008527 0.026460 0.012400 0.009470 0.999316 -0.035753 10.445200 -0.026137 0.035990 0.999010 -0.996300 0.000000 0.000000 0.000000 1.000000
0.999615 -0.008437 0.026438 0.012400 0.009381 0.999315 -0.035788 10.445200 -0.026118 0.036023 0.999010 -0.996300 0.000000 0.000000 0.000000 1.000000
0.999616 -0.008302 0.026432 0.012400 0.009246 0.999316 -0.035803 10.445200 -0.026117 0.036034 0.999009 -0.996300 0.000000 0.000000 0.000000 1.000000
0.999617 -0.008174 0.026427 0.012400 0.009117 0.999319 -0.035765 10.445200 -0.026117 0.035993 0.999011 -0.996300 0.000000 0.000000 0.000000 1.000000
0.999617 -0.008104 0.026445 0.012400 0.009045 0.999323 -0.035663 10.445200 -0.026138 0.035889 0.999014 -0.996300 0.000000 0.000000 0.000000 1.000000
0.999617 -0.008078 0.026483 0.012400 0.009017 0.999328 -0.035523 10.445200 -0.026178 0.035748 0.999018 -0.996300 0.000000 0.000000 0.000000 1.000000</float_array><technique_common><accessor source="#mixamorig_Spine-Matrix-animation-output-transform-array" count="33" stride="16"><param type="float4x4"/></accessor></technique_common></source><source id="mixamorig_Spine-Interpolations"><Name_array id="mixamorig_Spine-Interpolations-array" count="33">
 LINEAR LINEAR LINEAR LINEAR LINEAR LINEAR LINEAR LINEAR LINEAR LINEAR LINEAR
LINEAR LINEAR LINEAR LINEAR LINEAR LINEAR LINEAR LINEAR LINEAR LINEAR LINEAR LINEAR
LINEAR LINEAR LINEAR LINEAR LINEAR LINEAR LINEAR LINEAR LINEAR LINEAR</Name_array><technique_common><accessor source="#mixamorig_Spine-Interpolations-array" count="33"><param type="name"/></accessor></technique_common></source><sampler id="mixamorig_Spine-Matrix-animation-transform"><input semantic="INPUT" source="#mixamorig_Spine-Matrix-animation-input"/><input semantic="OUTPUT" source="#mixamorig_Spine-Matrix-animation-output-transform"/><input semantic="INTERPOLATION" source="#mixamorig_Spine-Interpolations"/></sampler><channel source="#mixamorig_Spine-Matrix-animation-transform" target="mixamorig_Spine/matrix"/></animation>
    <animation id="mixamorig_Spine1-anim" name="mixamorig_Spine1"><source id="mixamorig_Spine1-Matrix-animation-input"><float_array id="mixamorig_Spine1-Matrix-animation-input-array" count="33">

0.000000 0.033333 0.066667 0.100000 0.133333 0.166667 0.200000 0.233333 0.266667 0.300000 0.333333 0.366667 0.400000 0.433333 0.466667 0.500000
0.533333 0.566667 0.600000 0.633333 0.666667 0.700000 0.733333 0.766667 0.800000 0.833333 0.866667 0.900000 0.933333 0.966667 1.000000 1.033333
1.066667</float_array><technique_common><accessor source="#mixamorig_Spine1-Matrix-animation-input-array" count="33"><param name="TIME" type="float"/></accessor></technique_common></source><source id="mixamorig_Spine1-Matrix-animation-output-transform"><float_array id="mixamorig_Spine1-Matrix-animation-output-transform-array" count="528">

0.998498 -0.014437 0.052848 0.014600 0.017166 0.998522 -0.051563 12.186100 -0.052025 0.052393 0.997270 -1.162300 0.000000 0.000000 0.000000 1.000000
0.998493 -0.014529 0.052915 0.014600 0.017277 0.998506 -0.051839 12.186100 -0.052083 0.052675 0.997253 -1.162300 0.000000 0.000000 0.000000 1.000000
0.998485 -0.014613 0.053042 0.014600 0.017392 0.998479 -0.052314 12.186100 -0.052196 0.053157 0.997221 -1.162300 0.000000 0.000000 0.000000 1.000000
0.998474 -0.014697 0.053233 0.014600 0.017523 0.998440 -0.053015 12.186100 -0.052371 0.053867 0.997174 -1.162300 0.000000 0.000000 0.000000 1.000000
0.998461 -0.014772 0.053460 0.014600 0.017659 0.998388 -0.053944 12.186100 -0.052577 0.054805 0.997112 -1.162300 0.000000 0.000000 0.000000 1.000000
0.998449 -0.014765 0.053683 0.014600 0.017722 0.998327 -0.055029 12.186100 -0.052780 0.055895 0.997041 -1.162300 0.000000 0.000000 0.000000 1.000000
0.998440 -0.014632 0.053882 0.014600 0.017657 0.998268 -0.056117 12.186100 -0.052968 0.056981 0.996969 -1.162300 0.000000 0.000000 0.000000 1.000000
0.998433 -0.014485 0.054045 0.014600 0.017572 0.998214 -0.057093 12.186100 -0.053122 0.057953 0.996905 -1.162300 0.000000 0.000000 0.000000 1.000000
0.998427 -0.014506 0.054150 0.014600 0.017644 0.998165 -0.057931 12.186100 -0.053211 0.058795 0.996851 -1.162300 0.000000 0.000000 0.000000 1.000000
0.998424 -0.014684 0.054173 0.014600 0.017859 0.998122 -0.058593 12.186100 -0.053211 0.059468 0.996811 -1.162300 0.000000 0.000000 0.000000 1.000000
0.998428 -0.014784 0.054057 0.014600 0.017975 0.998094 -0.059031 12.186100 -0.053081 0.059910 0.996791 -1.162300 0.000000 0.000000 0.000000 1.000000
0.998446 -0.014671 0.053758 0.014600 0.017865 0.998073 -0.059420 12.186100 -0.052782 0.060288 0.996784 -1.162300 0.000000 0.000000 0.000000 1.000000
0.998471 -0.014502 0.053336 0.014600 0.017705 0.998037 -0.060071 12.186100 -0.052360 0.060923 0.996768 -1.162300 0.000000 0.000000 0.000000 1.000000
0.998490 -0.014456 0.052991 0.014600 0.017686 0.997981 -0.061008 12.186100 -0.052002 0.061853 0.996730 -1.162300 0.000000 0.000000 0.000000 1.000000
0.998497 -0.014478 0.052861 0.014600 0.017751 0.997920 -0.061969 12.186100 -0.051853 0.062814 0.996677 -1.162300 0.000000 0.000000 0.000000 1.000000
0.998496 -0.014471 0.052872 0.014600 0.017787 0.997867 -0.062808 12.186100 -0.051850 0.063654 0.996624 -1.162300 0.000000 0.000000 0.000000 1.000000
0.998494 -0.014494 0.052917 0.014600 0.017857 0.997813 -0.063645 12.186100 -0.051879 0.064494 0.996569 -1.162300 0.000000 0.000000 0.000000 1.000000
0.998493 -0.014599 0.052908 0.014600 0.018008 0.997753 -0.064539 12.186100 -0.051847 0.065395 0.996512 -1.162300 0.000000 0.000000 0.000000 1.000000
0.998503 -0.014628 0.052700 0.014600 0.018066 0.997697 -0.065373 12.186100 -0.051623 0.066228 0.996468 -1.162300 0.000000 0.000000 0.000000 1.000000
0.998533 -0.014432 0.052184 0.014600 0.017873 0.997653 -0.066096 12.186100 -0.051108 0.066932 0.996448 -1.162300 0.000000 0.000000 0.000000 1.000000
0.998575 -0.014118 0.051474 0.014600 0.017549 0.997610 -0.066829 12.186100 -0.050408 0.067637 0.996436 -1.162300 0.000000 0.000000 0.000000 1.000000
0.998606 -0.013897 0.050919 0.014600 0.017333 0.997558 -0.067663 12.186100 -0.049854 0.068451 0.996408 -1.162300 0.000000 0.000000 0.000000 1.000000
0.998616 -0.013750 0.050758 0.014600 0.017216 0.997503 -0.068487 12.186100 -0.049690 0.069267 0.996360 -1.162300 0.000000 0.000000 0.000000 1.000000
0.998612 -0.013504 0.050900 0.014600 0.017018 0.997455 -0.069245 12.186100 -0.049835 0.070015 0.996300 -1.162300 0.000000 0.000000 0.000000 1.000000
0.998609 -0.013146 0.051063 0.014600 0.016710 0.997406 -0.070017 12.186100 -0.050010 0.070772 0.996238 -1.162300 0.000000 0.000000 0.000000 1.000000
0.998613 -0.012834 0.051057 0.014600 0.016434 0.997359 -0.070739 12.186100 -0.050014 0.071480 0.996187 -1.162300 0.000000 0.000000 0.000000 1.000000
0.998622 -0.012686 0.050919 0.014600 0.016300 0.997329 -0.071196 12.186100 -0.049879 0.071928 0.996162 -1.162300 0.000000 0.000000 0.000000 1.000000
0.998629 -0.012629 0.050795 0.014600 0.016243 0.997317 -0.071372 12.186100 -0.049757 0.072099 0.996156 -1.162300 0.000000 0.000000 0.000000 1.000000
0.998633 -0.012499 0.050746 0.014600 0.016113 0.997315 -0.071442 12.186100 -0.049717 0.072162 0.996153 -1.162300 0.000000 0.000000 0.000000 1.000000
0.998637 -0.012270 0.050728 0.014600 0.015885 0.997316 -0.071473 12.186100 -0.049715 0.072182 0.996152 -1.162300 0.000000 0.000000 0.000000 1.000000
0.998641 -0.012047 0.050712 0.014600 0.015657 0.997325 -0.071400 12.186100 -0.049716 0.072097 0.996158 -1.162300 0.000000 0.000000 0.000000 1.000000
0.998640 -0.011924 0.050745 0.014600 0.015526 0.997341 -0.071196 12.186100 -0.049761 0.071888 0.996171 -1.162300 0.000000 0.000000 0.000000 1.000000
0.998637 -0.011877 0.050823 0.014600 0.015471 0.997362 -0.070918 12.186100 -0.049846 0.071607 0.996187 -1.162300 0.000000 0.000000 0.000000 1.000000</float_array><technique_common><accessor source="#mixamorig_Spine1-Matrix-animation-output-transform-array" count="33" stride="16"><param type="float4x4"/></accessor></technique_common></source><source id="mixamorig_Spine1-Interpolations"><Name_array id="mixamorig_Spine1-Interpolations-array" count="33">
 LINEAR LINEAR LINEAR LINEAR LINEAR LINEAR LINEAR LINEAR LINEAR LINEAR LINEAR
LINEAR LINEAR LINEAR LINEAR LINEAR LINEAR LINEAR LINEAR LINEAR LINEAR LINEAR LINEAR
LINEAR LINEAR LINEAR LINEAR LINEAR LINEAR LINEAR LINEAR LINEAR LINEAR</Name_array><technique_common><accessor source="#mixamorig_Spine1-Interpolations-array" count="33"><param type="name"/></accessor></technique_common></source><sampler id="mixamorig_Spine1-Matrix-animation-transform"><input semantic="INPUT" source="#mixamorig_Spine1-Matrix-animation-input"/><input semantic="OUTPUT" source="#mixamorig_Spine1-Matrix-animation-output-transform"/><input semantic="INTERPOLATION" source="#mixamorig_Spine1-Interpolations"/></sampler><channel source="#mixamorig_Spine1-Matrix-animation-transform" target="mixamorig_Spine1/matrix"/></animation>
    <animation id="mixamorig_Spine2-anim" name="mixamorig_Spine2"><source id="mixamorig_Spine2-Matrix-animation-input"><float_array id="mixamorig_Spine2-Matrix-animation-input-array" count="33">

0.000000 0.033333 0.066667 0.100000 0.133333 0.166667 0.200000 0.233333 0.266667 0.300000 0.333333 0.366667 0.400000 0.433333 0.466667 0.500000
0.533333 0.566667 0.600000 0.633333 0.666667 0.700000 0.733333 0.766667 0.800000 0.833333 0.866667 0.900000 0.933333 0.966667 1.000000 1.033333
1.066667</float_array><technique_common><accessor source="#mixamorig_Spine2-Matrix-animation-input-array" count="33"><param name="TIME" type="float"/></accessor></technique_common></source><source id="mixamorig_Spine2-Matrix-animation-output-transform"><float_array id="mixamorig_Spine2-Matrix-animation-output-transform-array" count="528">

0.998498 -0.014437 0.052848 0.016600 0.017166 0.998522 -0.051563 13.927000 -0.052025 0.052393 0.997270 -1.328400 0.000000 0.000000 0.000000 1.000000
0.998493 -0.014529 0.052915 0.016600 0.017277 0.998506 -0.051839 13.927000 -0.052083 0.052675 0.997253 -1.328400 0.000000 0.000000 0.000000 1.000000
0.998485 -0.014613 0.053041 0.016600 0.017392 0.998479 -0.052314 13.927000 -0.052196 0.053157 0.997221 -1.328400 0.000000 0.000000 0.000000 1.000000
0.998474 -0.014697 0.053233 0.016600 0.017523 0.998440 -0.053015 13.927000 -0.052371 0.053867 0.997174 -1.328400 0.000000 0.000000 0.000000 1.000000
0.998461 -0.014772 0.053460 0.016600 0.017659 0.998388 -0.053944 13.927000 -0.052577 0.054805 0.997112 -1.328400 0.000000 0.000000 0.000000 1.000000
0.998449 -0.014765 0.053683 0.016600 0.017722 0.998327 -0.055029 13.927000 -0.052780 0.055895 0.997041 -1.328400 0.000000 0.000000 0.000000 1.000000
0.998440 -0.014632 0.053882 0.016600 0.017657 0.998268 -0.056117 13.927000 -0.052967 0.056981 0.996969 -1.328400 0.000000 0.000000 0.000000 1.000000
0.998433 -0.014485 0.054045 0.016600 0.017572 0.998214 -0.057093 13.927000 -0.053122 0.057953 0.996905 -1.328400 0.000000 0.000000 0.000000 1.000000
0.998427 -0.014506 0.054150 0.016600 0.017644 0.998165 -0.057931 13.927000 -0.053211 0.058795 0.996851 -1.328400 0.000000 0.000000 0.000000 1.000000
0.998424 -0.014684 0.054173 0.016600 0.017859 0.998122 -0.058593 13.927000 -0.053210 0.059468 0.996811 -1.328400 0.000000 0.000000 0.000000 1.000000
0.998428 -0.014784 0.054057 0.016600 0.017975 0.998094 -0.059031 13.927000 -0.053081 0.059910 0.996791 -1.328400 0.000000 0.000000 0.000000 1.000000
0.998446 -0.014671 0.053758 0.016600 0.017865 0.998073 -0.059420 13.927000 -0.052783 0.060288 0.996784 -1.328400 0.000000 0.000000 0.000000 1.000000
0.998471 -0.014502 0.053336 0.016600 0.017705 0.998037 -0.060071 13.927000 -0.052360 0.060923 0.996768 -1.328400 0.000000 0.000000 0.000000 1.000000
0.998490 -0.014456 0.052991 0.016600 0.017686 0.997981 -0.061008 13.927000 -0.052002 0.061853 0.996730 -1.328400 0.000000 0.000000 0.000000 1.000000
0.998497 -0.014478 0.052860 0.016600 0.017751 0.997920 -0.061969 13.927000 -0.051853 0.062814 0.996677 -1.328400 0.000000 0.000000 0.000000 1.000000
0.998496 -0.014471 0.052872 0.016600 0.017787 0.997867 -0.062808 13.927000 -0.051850 0.063654 0.996624 -1.328400 0.000000 0.000000 0.000000 1.000000
0.998494 -0.014494 0.052917 0.016600 0.017857 0.997813 -0.063645 13.927000 -0.051879 0.064494 0.996569 -1.328400 0.000000 0.000000 0.000000 1.000000
0.998493 -0.014599 0.052908 0.016600 0.018008 0.997753 -0.064539 13.927000 -0.051847 0.065395 0.996512 -1.328400 0.000000 0.000000 0.000000 1.000000
0.998503 -0.014628 0.052700 0.016600 0.018066 0.997697 -0.065373 13.927000 -0.051623 0.066228 0.996468 -1.328400 0.000000 0.000000 0.000000 1.000000
0.998533 -0.014432 0.052184 0.016600 0.017873 0.997653 -0.066096 13.927000 -0.051108 0.066932 0.996448 -1.328400 0.000000 0.000000 0.000000 1.000000
0.998575 -0.014118 0.051474 0.016600 0.017549 0.997610 -0.066829 13.927000 -0.050408 0.067637 0.996436 -1.328400 0.000000 0.000000 0.000000 1.000000
0.998606 -0.013897 0.050919 0.016600 0.017333 0.997558 -0.067663 13.927000 -0.049854 0.068451 0.996408 -1.328400 0.000000 0.000000 0.000000 1.000000
0.998616 -0.013750 0.050758 0.016600 0.017216 0.997503 -0.068487 13.927000 -0.049690 0.069267 0.996360 -1.328400 0.000000 0.000000 0.000000 1.000000
0.998612 -0.013504 0.050900 0.016600 0.017018 0.997455 -0.069245 13.927000 -0.049835 0.070015 0.996300 -1.328400 0.000000 0.000000 0.000000 1.000000
0.998609 -0.013146 0.051063 0.016600 0.016710 0.997406 -0.070017 13.927000 -0.050010 0.070772 0.996238 -1.328400 0.000000 0.000000 0.000000 1.000000
0.998613 -0.012834 0.051057 0.016600 0.016434 0.997359 -0.070739 13.927000 -0.050014 0.071480 0.996187 -1.328400 0.000000 0.000000 0.000000 1.000000
0.998622 -0.012686 0.050918 0.016600 0.016300 0.997329 -0.071196 13.927000 -0.049879 0.071928 0.996162 -1.328400 0.000000 0.000000 0.000000 1.000000
0.998629 -0.012629 0.050795 0.016600 0.016243 0.997317 -0.071372 13.927000 -0.049757 0.072099 0.996156 -1.328400 0.000000 0.000000 0.000000 1.000000
0.998633 -0.012499 0.050746 0.016600 0.016113 0.997315 -0.071442 13.927000 -0.049717 0.072162 0.996153 -1.328400 0.000000 0.000000 0.000000 1.000000
0.998637 -0.012270 0.050728 0.016600 0.015885 0.997316 -0.071473 13.927000 -0.049715 0.072182 0.996152 -1.328400 0.000000 0.000000 0.000000 1.000000
0.998641 -0.012047 0.050712 0.016600 0.015657 0.997325 -0.071400 13.927000 -0.049716 0.072097 0.996158 -1.328400 0.000000 0.000000 0.000000 1.000000
0.998640 -0.011924 0.050745 0.016600 0.015526 0.997341 -0.071196 13.927000 -0.049761 0.071888 0.996171 -1.328400 0.000000 0.000000 0.000000 1.000000
0.998637 -0.011877 0.050823 0.016600 0.015471 0.997362 -0.070918 13.927000 -0.049847 0.071607 0.996187 -1.328400 0.000000 0.000000 0.000000 1.000000</float_array><technique_common><accessor source="#mixamorig_Spine2-Matrix-animation-output-transform-array" count="33" stride="16"><param type="float4x4"/></accessor></technique_common></source><source id="mixamorig_Spine2-Interpolations"><Name_array id="mixamorig_Spine2-Interpolations-array" count="33">
 LINEAR LINEAR LINEAR LINEAR LINEAR LINEAR LINEAR LINEAR LINEAR LINEAR LINEAR
LINEAR LINEAR LINEAR LINEAR LINEAR LINEAR LINEAR LINEAR LINEAR LINEAR LINEAR LINEAR
LINEAR LINEAR LINEAR LINEAR LINEAR LINEAR LINEAR LINEAR LINEAR LINEAR</Name_array><technique_common><accessor source="#mixamorig_Spine2-Interpolations-array" count="33"><param type="name"/></accessor></technique_common></source><sampler id="mixamorig_Spine2-Matrix-animation-transform"><input semantic="INPUT" source="#mixamorig_Spine2-Matrix-animation-input"/><input semantic="OUTPUT" source="#mixamorig_Spine2-Matrix-animation-output-transform"/><input semantic="INTERPOLATION" source="#mixamorig_Spine2-Interpolations"/></sampler><channel source="#mixamorig_Spine2-Matrix-animation-transform" target="mixamorig_Spine2/matrix"/></animation>
    <animation id="mixamorig_Neck-anim" name="mixamorig_Neck"><source id="mixamorig_Neck-Matrix-animation-input"><float_array id="mixamorig_Neck-Matrix-animation-input-array" count="33">

0.000000 0.033333 0.066667 0.100000 0.133333 0.166667 0.200000 0.233333 0.266667 0.300000 0.333333 0.366667 0.400000 0.433333 0.466667 0.500000
0.533333 0.566667 0.600000 0.633333 0.666667 0.700000 0.733333 0.766667 0.800000 0.833333 0.866667 0.900000 0.933333 0.966667 1.000000 1.033333
1.066667</float_array><technique_common><accessor source="#mixamorig_Neck-Matrix-animation-input-array" count="33"><param name="TIME" type="float"/></accessor></technique_common></source><source id="mixamorig_Neck-Matrix-animation-output-transform"><float_array id="mixamorig_Neck-Matrix-animation-output-transform-array" count="528">

0.992913 -0.013242 0.118104 0.018700 0.051531 0.943465 -0.327443 15.667800 -0.107091 0.331209 0.937460 -1.494400 0.000000 0.000000 0.000000 1.000000
0.993283 -0.011036 0.115184 0.018700 0.048402 0.943798 -0.326959 15.667800 -0.105102 0.330338 0.937993 -1.494400 0.000000 0.000000 0.000000 1.000000
0.993763 -0.007451 0.111262 0.018700 0.043637 0.944179 -0.326529 15.667800 -0.102618 0.329348 0.938616 -1.494400 0.000000 0.000000 0.000000 1.000000
0.994297 -0.002592 0.106615 0.018700 0.037329 0.944921 -0.325162 15.667800 -0.099900 0.327288 0.939629 -1.494400 0.000000 0.000000 0.000000 1.000000
0.994790 0.002893 0.101900 0.018700 0.030257 0.946174 -0.322242 15.667800 -0.097347 0.323646 0.941157 -1.494400 0.000000 0.000000 0.000000 1.000000
0.995183 0.008114 0.097702 0.018700 0.023522 0.947700 -0.318295 15.667800 -0.095175 0.319060 0.942943 -1.494400 0.000000 0.000000 0.000000 1.000000
0.995476 0.012632 0.094170 0.018700 0.017690 0.949151 -0.314322 15.667800 -0.093352 0.314566 0.944634 -1.494400 0.000000 0.000000 0.000000 1.000000
0.995708 0.016592 0.091056 0.018700 0.012615 0.950294 -0.311100 15.667800 -0.091691 0.310913 0.946005 -1.494400 0.000000 0.000000 0.000000 1.000000
0.995911 0.020176 0.088059 0.018700 0.008081 0.950938 -0.309276 15.667800 -0.089979 0.308722 0.946887 -1.494400 0.000000 0.000000 0.000000 1.000000
0.996111 0.023293 0.084974 0.018700 0.004154 0.950933 -0.309370 15.667800 -0.088011 0.308520 0.947138 -1.494400 0.000000 0.000000 0.000000 1.000000
0.996325 0.025740 0.081688 0.018700 0.000984 0.950266 -0.311438 15.667800 -0.085642 0.310374 0.946749 -1.494400 0.000000 0.000000 0.000000 1.000000
0.996559 0.027799 0.078088 0.018700 -0.001806 0.949144 -0.314836 15.667800 -0.082869 0.313612 0.945928 -1.494400 0.000000 0.000000 0.000000 1.000000
0.996794 0.030155 0.074107 0.018700 -0.004977 0.947830 -0.318738 15.667800 -0.079852 0.317348 0.944941 -1.494400 0.000000 0.000000 0.000000 1.000000
0.997012 0.032879 0.069895 0.018700 -0.008574 0.946399 -0.322887 15.667800 -0.076765 0.321323 0.943853 -1.494400 0.000000 0.000000 0.000000 1.000000
0.997206 0.035273 0.065856 0.018700 -0.011800 0.944820 -0.327377 15.667800 -0.073769 0.325685 0.942596 -1.494400 0.000000 0.000000 0.000000 1.000000
0.997370 0.036899 0.062376 0.018700 -0.014130 0.943170 -0.332010 15.667800 -0.071082 0.330256 0.941211 -1.494400 0.000000 0.000000 0.000000 1.000000
0.997496 0.038184 0.059532 0.018700 -0.015975 0.941623 -0.336290 15.667800 -0.068898 0.334497 0.939875 -1.494400 0.000000 0.000000 0.000000 1.000000
0.997582 0.039460 0.057218 0.018700 -0.017702 0.940311 -0.339855 15.667800 -0.067213 0.338021 0.938736 -1.494400 0.000000 0.000000 0.000000 1.000000
0.997652 0.040298 0.055381 0.018700 -0.018924 0.939302 -0.342570 15.667800 -0.065824 0.340717 0.937859 -1.494400 0.000000 0.000000 0.000000 1.000000
0.997733 0.040214 0.053959 0.018700 -0.019197 0.938579 -0.344530 15.667800 -0.064500 0.342713 0.937223 -1.494400 0.000000 0.000000 0.000000 1.000000
0.997829 0.039452 0.052742 0.018700 -0.018789 0.937986 -0.346164 15.667800 -0.063129 0.344421 0.936690 -1.494400 0.000000 0.000000 0.000000 1.000000
0.997930 0.038576 0.051457 0.018700 -0.018293 0.937337 -0.347945 15.667800 -0.061655 0.346283 0.936102 -1.494400 0.000000 0.000000 0.000000 1.000000
0.998045 0.037428 0.050048 0.018700 -0.017574 0.936597 -0.349968 15.667800 -0.059973 0.348404 0.935424 -1.494400 0.000000 0.000000 0.000000 1.000000
0.998181 0.035547 0.048701 0.018700 -0.016165 0.935931 -0.351812 15.667800 -0.058086 0.350384 0.934803 -1.494400 0.000000 0.000000 0.000000 1.000000
0.998317 0.033117 0.047611 0.018700 -0.014199 0.935514 -0.353003 15.667800 -0.056231 0.351733 0.934410 -1.494400 0.000000 0.000000 0.000000 1.000000
0.998432 0.030725 0.046787 0.018700 -0.012221 0.935369 -0.353462 15.667800 -0.054623 0.352336 0.934278 -1.494400 0.000000 0.000000 0.000000 1.000000
0.998525 0.028690 0.046088 0.018700 -0.010569 0.935441 -0.353326 15.667800 -0.053250 0.352318 0.934364 -1.494400 0.000000 0.000000 0.000000 1.000000
0.998610 0.026762 0.045403 0.018700 -0.009053 0.935780 -0.352467 15.667800 -0.051920 0.351567 0.934722 -1.494400 0.000000 0.000000 0.000000 1.000000
0.998698 0.024627 0.044684 0.018700 -0.007398 0.936437 -0.350758 15.667800 -0.050482 0.349970 0.935400 -1.494400 0.000000 0.000000 0.000000 1.000000
0.998785 0.022492 0.043842 0.018700 -0.005796 0.937194 -0.348762 15.667800 -0.048932 0.348084 0.936185 -1.494400 0.000000 0.000000 0.000000 1.000000
0.998867 0.020801 0.042794 0.018700 -0.004644 0.937706 -0.347399 15.667800 -0.047355 0.346807 0.936740 -1.494400 0.000000 0.000000 0.000000 1.000000
0.998942 0.019670 0.041570 0.018700 -0.004036 0.937926 -0.346813 15.667800 -0.045811 0.346278 0.937013 -1.494400 0.000000 0.000000 0.000000 1.000000
0.999013 0.018688 0.040286 0.018700 -0.003581 0.938096 -0.346358 15.667800 -0.044265 0.345872 0.937237 -1.494400 0.000000 0.000000 0.000000 1.000000</float_array><technique_common><accessor source="#mixamorig_Neck-Matrix-animation-output-transform-array" count="33" stride="16"><param type="float4x4"/></accessor></technique_common></source><source id="mixamorig_Neck-Interpolations"><Name_array id="mixamorig_Neck-Interpolations-array" count="33">
 LINEAR LINEAR LINEAR LINEAR LINEAR LINEAR LINEAR LINEAR LINEAR LINEAR LINEAR
LINEAR LINEAR LINEAR LINEAR LINEAR LINEAR LINEAR LINEAR LINEAR LINEAR LINEAR LINEAR
LINEAR LINEAR LINEAR LINEAR LINEAR LINEAR LINEAR LINEAR LINEAR LINEAR</Name_array><technique_common><accessor source="#mixamorig_Neck-Interpolations-array" count="33"><param type="name"/></accessor></technique_common></source><sampler id="mixamorig_Neck-Matrix-animation-transform"><input semantic="INPUT" source="#mixamorig_Neck-Matrix-animation-input"/><input semantic="OUTPUT" source="#mixamorig_Neck-Matrix-animation-output-transform"/><input semantic="INTERPOLATION" source="#mixamorig_Neck-Interpolations"/></sampler><channel source="#mixamorig_Neck-Matrix-animation-transform" target="mixamorig_Neck/matrix"/></animation>
    <animation id="mixamorig_Head-anim" name="mixamorig_Head"><source id="mixamorig_Head-Matrix-animation-input"><float_array id="mixamorig_Head-Matrix-animation-input-array" count="33">

0.000000 0.033333 0.066667 0.100000 0.133333 0.166667 0.200000 0.233333 0.266667 0.300000 0.333333 0.366667 0.400000 0.433333 0.466667 0.500000
0.533333 0.566667 0.600000 0.633333 0.666667 0.700000 0.733333 0.766667 0.800000 0.833333 0.866667 0.900000 0.933333 0.966667 1.000000 1.033333
1.066667</float_array><technique_common><accessor source="#mixamorig_Head-Matrix-animation-input-array" count="33"><param name="TIME" type="float"/></accessor></technique_common></source><source id="mixamorig_Head-Matrix-animation-output-transform"><float_array id="mixamorig_Head-Matrix-animation-output-transform-array" count="528">

0.991454 0.082124 0.101362 0.000000 -0.084525 0.996228 0.019610 7.087800 -0.099369 -0.028010 0.994656 0.888700 0.000000 0.000000 0.000000 1.000000
0.992437 0.081039 0.092207 -0.000000 -0.083401 0.996272 0.022052 7.087800 -0.090076 -0.029576 0.995496 0.888700 0.000000 0.000000 0.000000 1.000000
0.993662 0.080300 0.078660 0.000000 -0.082556 0.996251 0.025863 7.087800 -0.076288 -0.032193 0.996566 0.888700 0.000000 0.000000 0.000000 1.000000
0.994869 0.079852 0.062121 0.000000 -0.081832 0.996194 0.030015 7.087800 -0.059488 -0.034945 0.997617 0.888700 0.000000 0.000000 0.000000 1.000000
0.995743 0.079977 0.045812 0.000000 -0.081557 0.996098 0.033731 7.087800 -0.042935 -0.037324 0.998380 0.888700 0.000000 0.000000 0.000000 1.000000
0.996221 0.080630 0.032292 -0.000000 -0.081803 0.995968 0.036813 7.087800 -0.029194 -0.039315 0.998800 0.888700 0.000000 0.000000 0.000000 1.000000
0.996479 0.081000 0.021641 0.000000 -0.081788 0.995908 0.038434 7.087800 -0.018440 -0.040069 0.999027 0.888700 0.000000 0.000000 0.000000 1.000000
0.996696 0.080310 0.012162 0.000000 -0.080714 0.996032 0.037500 7.087800 -0.009102 -0.038358 0.999223 0.888700 0.000000 0.000000 0.000000 1.000000
0.996909 0.078527 0.002253 0.000000 -0.078558 0.996331 0.033969 7.087800 0.000423 -0.034041 0.999420 0.888700 0.000000 0.000000 0.000000 1.000000
0.997062 0.076093 -0.008837 0.000000 -0.075809 0.996704 0.028876 7.087800 0.011005 -0.028122 0.999544 0.888700 0.000000 0.000000 0.000000 1.000000
0.997051 0.073739 -0.021263 -0.000000 -0.073230 0.997031 0.023807 7.087800 0.022955 -0.022180 0.999490 0.888700 0.000000 0.000000 0.000000 1.000000
0.996780 0.072133 -0.035016 0.000000 -0.071451 0.997236 0.020371 7.087800 0.036389 -0.017803 0.999179 0.888700 0.000000 0.000000 0.000000 1.000000
0.996203 0.071209 -0.050086 0.000000 -0.070331 0.997341 0.019080 7.087800 0.051311 -0.015485 0.998563 0.888700 0.000000 0.000000 0.000000 1.000000
0.995335 0.070454 -0.065907 0.000000 -0.069351 0.997413 0.018890 7.087800 0.067067 -0.014231 0.997647 0.888700 0.000000 0.000000 0.000000 1.000000
0.994283 0.069795 -0.080804 0.000000 -0.068522 0.997480 0.018419 7.087800 0.081886 -0.012777 0.996560 0.888700 0.000000 0.000000 0.000000 1.000000
0.993255 0.069335 -0.092932 0.000000 -0.068028 0.997536 0.017159 7.087800 0.093893 -0.010722 0.995525 0.888700 0.000000 0.000000 0.000000 1.000000
0.992441 0.068455 -0.101856 0.000000 -0.067222 0.997618 0.015493 7.087800 0.102673 -0.008529 0.994679 0.888700 0.000000 0.000000 0.000000 1.000000
0.991907 0.066611 -0.108090 0.000000 -0.065484 0.997756 0.013941 7.087800 0.108776 -0.006750 0.994043 0.888700 0.000000 0.000000 0.000000 1.000000
0.991628 0.064442 -0.111897 0.000000 -0.063425 0.997907 0.012623 7.087800 0.112476 -0.005420 0.993640 0.888700 0.000000 0.000000 0.000000 1.000000
0.991529 0.063161 -0.113497 0.000000 -0.062210 0.997992 0.011905 7.087800 0.114021 -0.004743 0.993467 0.888700 0.000000 0.000000 0.000000 1.000000
0.991506 0.063071 -0.113748 0.000000 -0.062000 0.997992 0.012939 7.087800 0.114336 -0.005776 0.993425 0.888700 0.000000 0.000000 0.000000 1.000000
0.991474 0.063167 -0.113972 0.000000 -0.061664 0.997958 0.016673 7.087800 0.114793 -0.009503 0.993344 0.888700 0.000000 0.000000 0.000000 1.000000
0.991418 0.062537 -0.114804 -0.000000 -0.060303 0.997919 0.022836 7.087800 0.115993 -0.015717 0.993126 0.888700 0.000000 0.000000 0.000000 1.000000
0.991411 0.061233 -0.115559 0.000000 -0.058059 0.997843 0.030632 7.087800 0.117185 -0.023660 0.992828 0.888700 0.000000 0.000000 0.000000 1.000000
0.991559 0.059580 -0.115153 -0.000000 -0.055377 0.997689 0.039366 7.087800 0.117232 -0.032657 0.992567 0.888700 0.000000 0.000000 0.000000 1.000000
0.991872 0.057761 -0.113371 -0.000000 -0.052605 0.997463 0.047959 7.087800 0.115853 -0.041606 0.992395 0.888700 0.000000 0.000000 0.000000 1.000000
0.992249 0.056026 -0.110922 0.000000 -0.050146 0.997220 0.055107 7.087800 0.113701 -0.049118 0.992300 0.888700 0.000000 0.000000 0.000000 1.000000
0.992592 0.054779 -0.108447 0.000000 -0.048460 0.997017 0.060071 7.087800 0.111414 -0.054371 0.992286 0.888700 0.000000 0.000000 0.000000 1.000000
0.992861 0.054241 -0.106230 0.000000 -0.047739 0.996883 0.062819 7.087800 0.109306 -0.057299 0.992355 0.888700 0.000000 0.000000 0.000000 1.000000
0.993032 0.054177 -0.104652 0.000000 -0.047654 0.996820 0.063860 7.087800 0.107779 -0.058428 0.992457 0.888700 0.000000 0.000000 0.000000 1.000000
0.993096 0.054237 -0.104016 0.000000 -0.047720 0.996799 0.064150 7.087800 0.107162 -0.058743 0.992505 0.888700 0.000000 0.000000 0.000000 1.000000
