<?xml version="1.0" encoding="utf-8"?>
<COLLADA xmlns="http://www.collada.org/2005/11/COLLADASchema" version="1.4.1">
  <asset><contributor><author>Mixamo</author><authoring_tool>COLLADA Mixamo exporter</authoring_tool><comments></comments></contributor><created>2019-03-11T00:56:57Z</created><modified>2019-03-11T00:56:57Z</modified><revision></revision><title></title><unit meter="0.010000"/><up_axis>Y_UP</up_axis></asset>
  <library_animations>
    <animation id="mixamorig_Hips-anim" name="mixamorig_Hips"><source id="mixamorig_Hips-Matrix-animation-input"><float_array id="mixamorig_Hips-Matrix-animation-input-array" count="39">

0.000000 0.033333 0.066667 0.100000 0.133333 0.166667 0.200000 0.233333 0.266667 0.300000 0.333333 0.366667 0.400000 0.433333 0.466667 0.500000
0.533333 0.566667 0.600000 0.633333 0.666667 0.700000 0.733333 0.766667 0.800000 0.833333 0.866667 0.900000 0.933333 0.966667 1.000000 1.033333
1.066667 1.100000 1.133333 1.166667 1.200000 1.233333 1.266667</float_array><technique_common><accessor source="#mixamorig_Hips-Matrix-animation-input-array" count="39"><param name="TIME" type="float"/></accessor></technique_common></source><source id="mixamorig_Hips-Matrix-animation-output-transform"><float_array id="mixamorig_Hips-Matrix-animation-output-transform-array" count="624">

0.993103 0.048857 -0.106579 0.419525 -0.062964 0.989075 -0.133292 92.025406 0.098902 0.139083 0.985329 0.816277 0.000000 0.000000 0.000000 1.000000
0.994595 0.036942 -0.097038 0.304826 -0.049968 0.989524 -0.135443 92.563713 0.091018 0.139560 0.986022 1.468176 0.000000 0.000000 0.000000 1.000000
0.996078 0.020757 -0.086008 0.143666 -0.032928 0.989231 -0.142613 93.385269 0.082122 0.144886 0.986035 1.953466 0.000000 0.000000 0.000000 1.000000
0.997248 0.007421 -0.073768 -0.042535 -0.018776 0.987822 -0.154451 94.391037 0.071724 0.155411 0.985243 2.358890 0.000000 0.000000 0.000000 1.000000
0.997851 0.005357 -0.065305 -0.200714 -0.016463 0.985179 -0.170737 95.396034 0.063423 0.171445 0.983150 1.981090 0.000000 0.000000 0.000000 1.000000
0.998162 0.009360 -0.059878 -0.340101 -0.020019 0.983465 -0.179988 96.268456 0.057203 0.180855 0.981845 1.501392 0.000000 0.000000 0.000000 1.000000
0.998427 0.018113 -0.053053 -0.445475 -0.027304 0.983650 -0.178009 96.412170 0.048961 0.179178 0.982598 1.905556 0.000000 0.000000 0.000000 1.000000
0.999011 0.021148 -0.039110 -0.574840 -0.027351 0.985816 -0.165589 96.257469 0.035053 0.166495 0.985419 1.856006 0.000000 0.000000 0.000000 1.000000
0.999726 0.018009 -0.014969 -0.647181 -0.020018 0.988907 -0.147184 95.936646 0.012152 0.147444 0.988996 1.085416 0.000000 0.000000 0.000000 1.000000
0.999776 0.009169 0.019102 -0.630907 -0.006631 0.991635 -0.128907 95.138016 -0.020124 0.128751 0.991473 0.693772 0.000000 0.000000 0.000000 1.000000
0.998243 -0.003572 0.059148 -0.616063 0.010421 0.993206 -0.115899 94.005890 -0.058332 0.116312 0.991498 0.415657 0.000000 0.000000 0.000000 1.000000
0.995049 -0.019487 0.097458 -0.632008 0.030318 0.993366 -0.110924 92.985275 -0.094650 0.113330 0.989039 0.061239 0.000000 0.000000 0.000000 1.000000
0.991165 -0.038972 0.126776 -0.571460 0.053644 0.991978 -0.114461 92.299278 -0.121299 0.120250 0.985305 0.121314 0.000000 0.000000 0.000000 1.000000
0.987490 -0.061719 0.145099 -0.339804 0.080206 0.988882 -0.125218 91.780190 -0.135758 0.135289 0.981461 -1.500961 0.000000 0.000000 0.000000 1.000000
0.984424 -0.085135 0.153820 -0.091977 0.107110 0.984235 -0.140741 91.133759 -0.139413 0.155025 0.978024 -2.671355 0.000000 0.000000 0.000000 1.000000
0.982119 -0.102611 0.157838 -0.027612 0.127673 0.979173 -0.157859 90.405159 -0.138352 0.175188 0.974766 -3.791882 0.000000 0.000000 0.000000 1.000000
0.981994 -0.101803 0.159137 -0.026856 0.129400 0.976208 -0.173992 90.149605 -0.137638 0.191451 0.971804 -3.789494 0.000000 0.000000 0.000000 1.000000
0.983813 -0.085375 0.157551 0.053559 0.114690 0.975538 -0.187540 90.371178 -0.137685 0.202574 0.969539 -2.827910 0.000000 0.000000 0.000000 1.000000
0.985951 -0.061969 0.155112 0.191762 0.092393 0.975965 -0.197374 90.726006 -0.139152 0.208932 0.967979 -1.868194 0.000000 0.000000 0.000000 1.000000
0.987355 -0.039625 0.153492 0.398381 0.070833 0.976498 -0.203552 91.117371 -0.141819 0.211850 0.966958 -0.013214 0.000000 0.000000 0.000000 1.000000
0.987896 -0.023317 0.153358 0.668425 0.055233 0.976719 -0.207292 91.679901 -0.144954 0.213253 0.966184 1.582482 0.000000 0.000000 0.000000 1.000000
0.988073 -0.012329 0.153490 0.945858 0.044817 0.976662 -0.210053 92.739754 -0.147318 0.214427 0.965566 2.618559 0.000000 0.000000 0.000000 1.000000
0.988436 -0.008027 0.151427 1.108663 0.040488 0.976315 -0.212530 94.113739 -0.146135 0.216203 0.965350 2.668595 0.000000 0.000000 0.000000 1.000000
0.989078 -0.009876 0.147065 1.108519 0.041580 0.975924 -0.214110 95.221466 -0.141410 0.217887 0.965675 2.871345 0.000000 0.000000 0.000000 1.000000
0.989779 -0.012887 0.142028 1.054035 0.043295 0.976057 -0.213160 95.969185 -0.135880 0.217131 0.966639 3.021191 0.000000 0.000000 0.000000 1.000000
0.990296 -0.014997 0.138160 1.047800 0.043814 0.977151 -0.207979 96.527336 -0.131884 0.212015 0.968327 2.705281 0.000000 0.000000 0.000000 1.000000
0.990760 -0.015685 0.134714 1.079654 0.042445 0.979253 -0.198148 96.883545 -0.128811 0.202035 0.970871 2.235386 0.000000 0.000000 0.000000 1.000000
0.991475 -0.016695 0.129222 1.092540 0.040659 0.981876 -0.185112 96.882584 -0.123789 0.188788 0.974184 2.407386 0.000000 0.000000 0.000000 1.000000
0.992757 -0.020036 0.118460 1.095152 0.040372 0.984295 -0.171856 96.323952 -0.113156 0.175393 0.977974 2.214657 0.000000 0.000000 0.000000 1.000000
0.994669 -0.024032 0.100280 1.133056 0.040143 0.985995 -0.161874 95.502090 -0.094985 0.165036 0.981703 2.046971 0.000000 0.000000 0.000000 1.000000
0.997151 -0.025501 0.070990 1.209268 0.036469 0.986801 -0.157780 94.761612 -0.066029 0.159920 0.984919 1.275020 0.000000 0.000000 0.000000 1.000000
0.999375 -0.018500 0.030113 1.199702 0.023074 0.986936 -0.159452 94.199799 -0.026769 0.160047 0.986746 0.766227 0.000000 0.000000 0.000000 1.000000
0.999865 -0.008092 -0.014287 1.133310 0.005650 0.986551 -0.163354 93.421509 0.015417 0.163251 0.986464 1.168756 0.000000 0.000000 0.000000 1.000000
0.998413 0.006005 -0.055997 0.973742 -0.015181 0.986189 -0.164924 92.890602 0.054233 0.165512 0.984715 1.164563 0.000000 0.000000 0.000000 1.000000
0.995776 0.025949 -0.088071 0.771630 -0.039810 0.986397 -0.159484 92.580772 0.082735 0.162317 0.983264 0.616222 0.000000 0.000000 0.000000 1.000000
0.993591 0.042135 -0.104893 0.648963 -0.057758 0.986894 -0.150676 92.249107 0.097169 0.155769 0.983003 -0.441625 0.000000 0.000000 0.000000 1.000000
0.992140 0.054386 -0.112693 0.603891 -0.070270 0.987348 -0.142149 91.921280 0.103536 0.148951 0.983409 -0.704837 0.000000 0.000000 0.000000 1.000000
0.992016 0.056615 -0.112687 0.536880 -0.071822 0.988126 -0.135825 91.800201 0.103659 0.142834 0.984303 -0.413532 0.000000 0.000000 0.000000 1.000000
0.993103 0.048857 -0.106579 0.419523 -0.062964 0.989075 -0.133292 92.025414 0.098902 0.139083 0.985329 0.816274 0.000000 0.000000 0.000000 1.000000</float_array><technique_common><accessor source="#mixamorig_Hips-Matrix-animation-output-transform-array" count="39" stride="16"><param type="float4x4"/></accessor></technique_common></source><source id="mixamorig_Hips-Interpolations"><Name_array id="mixamorig_Hips-Interpolations-array" count="39">
 LINEAR LINEAR LINEAR LINEAR LINEAR LINEAR LINEAR LINEAR LINEAR LINEAR LINEAR
LINEAR LINEAR LINEAR LINEAR LINEAR LINEAR LINEAR LINEAR LINEAR LINEAR LINEAR LINEAR
LINEAR LINEAR LINEAR LINEAR LINEAR LINEAR LINEAR LINEAR LINEAR LINEAR LINEAR LINEAR
LINEAR LINEAR LINEAR LINEAR</Name_array><technique_common><accessor source="#mixamorig_Hips-Interpolations-array" count="39"><param type="name"/></accessor></technique_common></source><sampler id="mixamorig_Hips-Matrix-animation-transform"><input semantic="INPUT" source="#mixamorig_Hips-Matrix-animation-input"/><input semantic="OUTPUT" source="#mixamorig_Hips-Matrix-animation-output-transform"/><input semantic="INTERPOLATION" source="#mixamorig_Hips-Interpolations"/></sampler><channel source="#mixamorig_Hips-Matrix-animation-transform" target="mixamorig_Hips/matrix"/></animation>
    <animation id="mixamorig_Spine-anim" name="mixamorig_Spine"><source id="mixamorig_Spine-Matrix-animation-input"><float_array id="mixamorig_Spine-Matrix-animation-input-array" count="39">

0.000000 0.033333 0.066667 0.100000 0.133333 0.166667 0.200000 0.233333 0.266667 0.300000 0.333333 0.366667 0.400000 0.433333 0.466667 0.500000
0.533333 0.566667 0.600000 0.633333 0.666667 0.700000 0.733333 0.766667 0.800000 0.833333 0.866667 0.900000 0.933333 0.966667 1.000000 1.033333
1.066667 1.100000 1.133333 1.166667 1.200000 1.233333 1.266667</float_array><technique_common><accessor source="#mixamorig_Spine-Matrix-animation-input-array" count="39"><param name="TIME" type="float"/></accessor></technique_common></source><source id="mixamorig_Spine-Matrix-animation-output-transform"><float_array id="mixamorig_Spine-Matrix-animation-output-transform-array" count="624">

0.968408 -0.009723 0.249181 0.000000 0.066964 0.972677 -0.222294 9.923500 -0.240212 0.231957 0.942600 -1.227300 0.000000 0.000000 0.000000 1.000000
0.964716 0.006342 0.263217 -0.000000 0.045238 0.980851 -0.189435 9.923500 -0.259378 0.194659 0.945955 -1.227300 0.000000 0.000000 0.000000 1.000000
0.962047 0.021708 0.272018 0.000000 0.020432 0.988303 -0.151131 9.923500 -0.272117 0.150953 0.950350 -1.227300 0.000000 0.000000 0.000000 1.000000
0.960190 0.029303 0.277807 0.000000 0.001903 0.993774 -0.111398 9.923500 -0.279342 0.107492 0.954156 -1.227300 0.000000 0.000000 0.000000 1.000000
0.958471 0.026331 0.283971 0.000000 -0.005488 0.997247 -0.073946 9.923500 -0.285137 0.069316 0.955977 -1.227300 0.000000 0.000000 0.000000 1.000000
0.957023 0.011303 0.289792 0.000000 0.002833 0.998828 -0.048315 9.923500 -0.289999 0.047060 0.955869 -1.227300 0.000000 0.000000 0.000000 1.000000
0.958034 0.000737 0.286654 0.000000 0.013191 0.998824 -0.046656 9.923500 -0.286351 0.048479 0.956898 -1.227300 0.000000 0.000000 0.000000 1.000000
0.962638 0.000921 0.270791 0.000000 0.017767 0.997625 -0.066551 9.923500 -0.270209 0.068875 0.960335 -1.227300 0.000000 0.000000 0.000000 1.000000
0.970697 0.013137 0.239947 0.000000 0.011660 0.994754 -0.101634 9.923500 -0.240024 0.101453 0.965451 -1.227300 0.000000 0.000000 0.000000 1.000000
0.980296 0.035442 0.194331 -0.000000 -0.007513 0.989750 -0.142613 9.923500 -0.197393 0.138343 0.970514 -1.227300 0.000000 0.000000 0.000000 1.000000
0.988616 0.062179 0.137008 -0.000000 -0.036663 0.982719 -0.181437 9.923500 -0.145922 0.174349 0.973812 -1.227300 0.000000 0.000000 0.000000 1.000000
0.993304 0.087977 0.074875 -0.000000 -0.070162 0.974307 -0.214017 9.923500 -0.091780 0.207331 0.973956 -1.227300 0.000000 0.000000 0.000000 1.000000
0.993738 0.110696 0.015213 0.000000 -0.103928 0.965688 -0.238003 9.923500 -0.041036 0.234931 0.971145 -1.227300 0.000000 0.000000 0.000000 1.000000
0.990671 0.130674 -0.038671 0.000000 -0.136207 0.958449 -0.250646 9.923500 0.004311 0.253575 0.967306 -1.227300 0.000000 0.000000 0.000000 1.000000
0.985155 0.148642 -0.085883 -0.000000 -0.165705 0.954097 -0.249482 9.923500 0.044857 0.260010 0.964563 -1.227300 0.000000 0.000000 0.000000 1.000000
0.978367 0.161751 -0.128975 -0.000000 -0.188374 0.954255 -0.232191 9.923500 0.085518 0.251464 0.964081 -1.227300 0.000000 0.000000 0.000000 1.000000
0.972673 0.160750 -0.167532 0.000000 -0.192999 0.960904 -0.198530 9.923500 0.129068 0.225438 0.965670 -1.227300 0.000000 0.000000 0.000000 1.000000
0.968172 0.147635 -0.202108 0.000000 -0.179788 0.972014 -0.151215 9.923500 0.174127 0.182738 0.967619 -1.227300 0.000000 0.000000 0.000000 1.000000
0.963782 0.127274 -0.234363 0.000000 -0.153373 0.983430 -0.096657 9.923500 0.218177 0.129101 0.967332 -1.227300 0.000000 0.000000 0.000000 1.000000
0.958997 0.104538 -0.263431 -0.000000 -0.119954 0.991844 -0.043087 9.923500 0.256779 0.072920 0.963715 -1.227300 0.000000 0.000000 0.000000 1.000000
0.954209 0.083854 -0.287148 -0.000000 -0.086877 0.996217 0.002222 9.923500 0.286248 0.022826 0.957884 -1.227300 0.000000 0.000000 0.000000 1.000000
0.950594 0.066378 -0.303256 0.000000 -0.058716 0.997684 0.034327 9.923500 0.304832 -0.014825 0.952291 -1.227300 0.000000 0.000000 0.000000 1.000000
0.949033 0.056149 -0.310134 -0.000000 -0.041655 0.997716 0.053167 9.923500 0.312411 -0.037539 0.949205 -1.227300 0.000000 0.000000 0.000000 1.000000
0.949508 0.054418 -0.308988 0.000000 -0.037326 0.997442 0.060965 9.923500 0.311515 -0.046353 0.949110 -1.227300 0.000000 0.000000 0.000000 1.000000
0.951445 0.056230 -0.302640 0.000000 -0.040164 0.997446 0.059056 9.923500 0.305187 -0.044034 0.951274 -1.227300 0.000000 0.000000 0.000000 1.000000
0.954271 0.057814 -0.293299 0.000000 -0.045515 0.997781 0.048594 9.923500 0.295458 -0.033023 0.954785 -1.227300 0.000000 0.000000 0.000000 1.000000
0.958356 0.056195 -0.279991 0.000000 -0.049876 0.998315 0.029650 9.923500 0.281186 -0.014451 0.959545 -1.227300 0.000000 0.000000 0.000000 1.000000
0.964298 0.051147 -0.259834 0.000000 -0.052399 0.998624 0.002111 9.923500 0.259585 0.011579 0.965651 -1.227300 0.000000 0.000000 0.000000 1.000000
0.972259 0.044024 -0.229725 0.000000 -0.053156 0.998017 -0.033711 9.923500 0.227786 0.044987 0.972671 -1.227300 0.000000 0.000000 0.000000 1.000000
0.981464 0.034216 -0.188566 0.000000 -0.049514 0.995799 -0.077020 9.923500 0.185139 0.084929 0.979036 -1.227300 0.000000 0.000000 0.000000 1.000000
0.990669 0.021840 -0.134530 -0.000000 -0.038770 0.991457 -0.124542 9.923500 0.130661 0.128595 0.983052 -1.227300 0.000000 0.000000 0.000000 1.000000
0.997620 0.005383 -0.068748 0.000000 -0.017099 0.985125 -0.170984 9.923500 0.066804 0.171753 0.982872 -1.227300 0.000000 0.000000 0.000000 1.000000
0.999970 -0.007581 -0.001644 0.000000 0.007066 0.977600 -0.210353 9.923500 0.003202 0.210335 0.977624 -1.227300 0.000000 0.000000 0.000000 1.000000
0.997910 -0.019874 0.061485 -0.000000 0.034082 0.970288 -0.239541 9.923500 -0.054898 0.241136 0.968937 -1.227300 0.000000 0.000000 0.000000 1.000000
0.992661 -0.029727 0.117223 0.000000 0.059216 0.964641 -0.256830 9.923500 -0.105443 0.261886 0.959321 -1.227300 0.000000 0.000000 0.000000 1.000000
0.985827 -0.035851 0.163890 0.000000 0.078694 0.961578 -0.263010 9.923500 -0.148164 0.272179 0.950771 -1.227300 0.000000 0.000000 0.000000 1.000000
0.979199 -0.034690 0.199912 -0.000000 0.086837 0.962132 -0.258383 9.923500 -0.183379 0.270369 0.945131 -1.227300 0.000000 0.000000 0.000000 1.000000
0.973163 -0.025686 0.228679 -0.000000 0.083132 0.965880 -0.245285 9.923500 -0.214576 0.257713 0.942094 -1.227300 0.000000 0.000000 0.000000 1.000000
0.968408 -0.009723 0.249181 0.000000 0.066964 0.972677 -0.222294 9.923500 -0.240212 0.231958 0.942600 -1.227300 0.000000 0.000000 0.000000 1.000000</float_array><technique_common><accessor source="#mixamorig_Spine-Matrix-animation-output-transform-array" count="39" stride="16"><param type="float4x4"/></accessor></technique_common></source><source id="mixamorig_Spine-Interpolations"><Name_array id="mixamorig_Spine-Interpolations-array" count="39">
 LINEAR LINEAR LINEAR LINEAR LINEAR LINEAR LINEAR LINEAR LINEAR LINEAR LINEAR
LINEAR LINEAR LINEAR LINEAR LINEAR LINEAR LINEAR LINEAR LINEAR LINEAR LINEAR LINEAR
LINEAR LINEAR LINEAR LINEAR LINEAR LINEAR LINEAR LINEAR LINEAR LINEAR LINEAR LINEAR
LINEAR LINEAR LINEAR LINEAR</Name_array><technique_common><accessor source="#mixamorig_Spine-Interpolations-array" count="39"><param type="name"/></accessor></technique_common></source><sampler id="mixamorig_Spine-Matrix-animation-transform"><input semantic="INPUT" source="#mixamorig_Spine-Matrix-animation-input"/><input semantic="OUTPUT" source="#mixamorig_Spine-Matrix-animation-output-transform"/><input semantic="INTERPOLATION" source="#mixamorig_Spine-Interpolations"/></sampler><channel source="#mixamorig_Spine-Matrix-animation-transform" target="mixamorig_Spine/matrix"/></animation>
    <animation id="mixamorig_Spine1-anim" name="mixamorig_Spine1"><source id="mixamorig_Spine1-Matrix-animation-input"><float_array id="mixamorig_Spine1-Matrix-animation-input-array" count="39">

0.000000 0.033333 0.066667 0.100000 0.133333 0.166667 0.200000 0.233333 0.266667 0.300000 0.333333 0.366667 0.400000 0.433333 0.466667 0.500000
0.533333 0.566667 0.600000 0.633333 0.666667 0.700000 0.733333 0.766667 0.800000 0.833333 0.866667 0.900000 0.933333 0.966667 1.000000 1.033333
1.066667 1.100000 1.133333 1.166667 1.200000 1.233333 1.266667</float_array><technique_common><accessor source="#mixamorig_Spine1-Matrix-animation-input-array" count="39"><param name="TIME" type="float"/></accessor></technique_common></source><source id="mixamorig_Spine1-Matrix-animation-output-transform"><float_array id="mixamorig_Spine1-Matrix-animation-output-transform-array" count="624">

0.999253 -0.023117 0.030975 -0.000100 0.021276 0.998060 0.058513 11.645400 -0.032268 -0.057811 0.997806 -1.422300 0.000000 0.000000 0.000000 1.000000
0.999182 -0.023130 0.033166 -0.000100 0.021516 0.998604 0.048232 11.645400 -0.034235 -0.047479 0.998285 -1.422300 0.000000 0.000000 0.000000 1.000000
0.999176 -0.020869 0.034808 -0.000100 0.019657 0.999200 0.034826 11.645400 -0.035507 -0.034113 0.998787 -1.422300 0.000000 0.000000 0.000000 1.000000
0.999213 -0.016263 0.036186 -0.000100 0.015508 0.999658 0.021044 11.645400 -0.036516 -0.020466 0.999123 -1.422300 0.000000 0.000000 0.000000 1.000000
0.999249 -0.009889 0.037473 -0.000100 0.009563 0.999915 0.008874 11.645400 -0.037557 -0.008509 0.999258 -1.422300 0.000000 0.000000 0.000000 1.000000
0.999254 -0.002293 0.038553 -0.000100 0.002247 0.999997 0.001226 11.645400 -0.038555 -0.001139 0.999256 -1.422300 0.000000 0.000000 0.000000 1.000000
0.999257 0.002810 0.038428 -0.000100 -0.002741 0.999995 -0.001827 11.645400 -0.038433 0.001720 0.999260 -1.422300 0.000000 0.000000 0.000000 1.000000
0.999327 0.003588 0.036512 -0.000100 -0.003552 0.999993 -0.001062 11.645400 -0.036516 0.000932 0.999333 -1.422300 0.000000 0.000000 0.000000 1.000000
0.999477 -0.001233 0.032302 -0.000100 0.001141 0.999995 0.002860 11.645400 -0.032305 -0.002821 0.999474 -1.422300 0.000000 0.000000 0.000000 1.000000
0.999601 -0.011451 0.025829 -0.000100 0.011201 0.999889 0.009802 11.645400 -0.025939 -0.009508 0.999618 -1.422300 0.000000 0.000000 0.000000 1.000000
0.999523 -0.025254 0.017788 -0.000100 0.024893 0.999485 0.020264 11.645400 -0.018291 -0.019811 0.999636 -1.422300 0.000000 0.000000 0.000000 1.000000
0.999167 -0.039742 0.009296 -0.000100 0.039404 0.998639 0.034157 11.645400 -0.010641 -0.033762 0.999373 -1.422300 0.000000 0.000000 0.000000 1.000000
0.998623 -0.052442 0.001340 -0.000100 0.052315 0.997441 0.048737 11.645400 -0.003892 -0.048600 0.998811 -1.422300 0.000000 0.000000 0.000000 1.000000
0.998041 -0.062305 -0.005597 -0.000100 0.062526 0.996315 0.058704 11.645400 0.001918 -0.058939 0.998260 -1.422300 0.000000 0.000000 0.000000 1.000000
0.997518 -0.069466 -0.011522 -0.000100 0.070030 0.995780 0.059309 11.645400 0.007353 -0.059968 0.998173 -1.422300 0.000000 0.000000 0.000000 1.000000
0.997078 -0.074518 -0.016802 -0.000100 0.075260 0.995959 0.049015 11.645400 0.013082 -0.050136 0.998657 -1.422300 0.000000 0.000000 0.000000 1.000000
0.996763 -0.077365 -0.021854 -0.000100 0.078009 0.996491 0.030322 11.645400 0.019432 -0.031929 0.999301 -1.422300 0.000000 0.000000 0.000000 1.000000
0.996686 -0.076807 -0.026804 -0.000100 0.077065 0.996988 0.008750 11.645400 0.026051 -0.010787 0.999602 -1.422300 0.000000 0.000000 0.000000 1.000000
0.996902 -0.072071 -0.031513 -0.000100 0.071776 0.997367 -0.010388 11.645400 0.032178 0.008094 0.999449 -1.422300 0.000000 0.000000 0.000000 1.000000
0.997301 -0.064175 -0.035665 -0.000100 0.063321 0.997690 -0.024600 11.645400 0.037161 0.022275 0.999061 -1.422300 0.000000 0.000000 0.000000 1.000000
0.997685 -0.055822 -0.038852 -0.000100 0.054506 0.997930 -0.034142 11.645400 0.040677 0.031945 0.998662 -1.422300 0.000000 0.000000 0.000000 1.000000
0.997926 -0.049873 -0.040709 -0.000100 0.048228 0.998017 -0.040444 11.645400 0.042645 0.038396 0.998352 -1.422300 0.000000 0.000000 0.000000 1.000000
0.998007 -0.047856 -0.041142 -0.000100 0.046012 0.997942 -0.044670 11.645400 0.043196 0.042688 0.998154 -1.422300 0.000000 0.000000 0.000000 1.000000
0.997951 -0.049574 -0.040450 -0.000100 0.047648 0.997745 -0.047275 11.645400 0.042702 0.045251 0.998063 -1.422300 0.000000 0.000000 0.000000 1.000000
0.997782 -0.053820 -0.039184 -0.000100 0.051911 0.997488 -0.048202 11.645400 0.041680 0.046061 0.998069 -1.422300 0.000000 0.000000 0.000000 1.000000
0.997531 -0.059190 -0.037800 -0.000100 0.057388 0.997240 -0.047107 11.645400 0.040484 0.044822 0.998174 -1.422300 0.000000 0.000000 0.000000 1.000000
0.997268 -0.064311 -0.036327 -0.000100 0.062717 0.997085 -0.043442 11.645400 0.039015 0.041045 0.998395 -1.422300 0.000000 0.000000 0.000000 1.000000
0.997127 -0.067528 -0.034315 -0.000100 0.066262 0.997124 -0.036783 11.645400 0.036700 0.034403 0.998734 -1.422300 0.000000 0.000000 0.000000 1.000000
0.997275 -0.066902 -0.031094 -0.000100 0.066067 0.997446 -0.027152 11.645400 0.032831 0.025024 0.999148 -1.422300 0.000000 0.000000 0.000000 1.000000
0.997785 -0.061153 -0.026176 -0.000100 0.060774 0.998038 -0.015058 11.645400 0.027045 0.013434 0.999544 -1.422300 0.000000 0.000000 0.000000 1.000000
0.998513 -0.050895 -0.019532 -0.000100 0.050870 0.998704 -0.001800 11.645400 0.019598 0.000804 0.999808 -1.422300 0.000000 0.000000 0.000000 1.000000
0.999183 -0.038714 -0.011605 -0.000100 0.038843 0.999184 0.011090 11.645400 0.011166 -0.011531 0.999871 -1.422300 0.000000 0.000000 0.000000 1.000000
0.999605 -0.027915 -0.003124 -0.000100 0.027980 0.999342 0.023072 11.645400 0.002478 -0.023150 0.999729 -1.422300 0.000000 0.000000 0.000000 1.000000
0.999770 -0.020835 0.005141 -0.000100 0.020644 0.999187 0.034620 11.645400 -0.005858 -0.034506 0.999387 -1.422300 0.000000 0.000000 0.000000 1.000000
0.999761 -0.017875 0.012580 -0.000100 0.017281 0.998798 0.045862 11.645400 -0.013384 -0.045633 0.998869 -1.422300 0.000000 0.000000 0.000000 1.000000
0.999659 -0.018038 0.018881 -0.000100 0.016943 0.998251 0.056639 11.645400 -0.019869 -0.056300 0.998216 -1.422300 0.000000 0.000000 0.000000 1.000000
0.999521 -0.019666 0.023879 -0.000100 0.018140 0.997879 0.062517 11.645400 -0.025058 -0.062054 0.997758 -1.422300 0.000000 0.000000 0.000000 1.000000
0.999376 -0.021613 0.027937 -0.000100 0.019804 0.997786 0.063485 11.645400 -0.029247 -0.062893 0.997592 -1.422300 0.000000 0.000000 0.000000 1.000000
0.999253 -0.023117 0.030975 -0.000100 0.021276 0.998060 0.058513 11.645400 -0.032268 -0.057811 0.997806 -1.422300 0.000000 0.000000 0.000000 1.000000</float_array><technique_common><accessor source="#mixamorig_Spine1-Matrix-animation-output-transform-array" count="39" stride="16"><param type="float4x4"/></accessor></technique_common></source><source id="mixamorig_Spine1-Interpolations"><Name_array id="mixamorig_Spine1-Interpolations-array" count="39">
 LINEAR LINEAR LINEAR LINEAR LINEAR LINEAR LINEAR LINEAR LINEAR LINEAR LINEAR
LINEAR LINEAR LINEAR LINEAR LINEAR LINEAR LINEAR LINEAR LINEAR LINEAR LINEAR LINEAR
LINEAR LINEAR LINEAR LINEAR LINEAR LINEAR LINEAR LINEAR LINEAR LINEAR LINEAR LINEAR
LINEAR LINEAR LINEAR LINEAR</Name_array><technique_common><accessor source="#mixamorig_Spine1-Interpolations-array" count="39"><param type="name"/></accessor></technique_common></source><sampler id="mixamorig_Spine1-Matrix-animation-transform"><input semantic="INPUT" source="#mixamorig_Spine1-Matrix-animation-input"/><input semantic="OUTPUT" source="#mixamorig_Spine1-Matrix-animation-output-transform"/><input semantic="INTERPOLATION" source="#mixamorig_Spine1-Interpolations"/></sampler><channel source="#mixamorig_Spine1-Matrix-animation-transform" target="mixamorig_Spine1/matrix"/></animation>
    <animation id="mixamorig_Spine2-anim" name="mixamorig_Spine2"><source id="mixamorig_Spine2-Matrix-animation-input"><float_array id="mixamorig_Spine2-Matrix-animation-input-array" count="39">

0.000000 0.033333 0.066667 0.100000 0.133333 0.166667 0.200000 0.233333 0.266667 0.300000 0.333333 0.366667 0.400000 0.433333 0.466667 0.500000
0.533333 0.566667 0.600000 0.633333 0.666667 0.700000 0.733333 0.766667 0.800000 0.833333 0.866667 0.900000 0.933333 0.966667 1.000000 1.033333
1.066667 1.100000 1.133333 1.166667 1.200000 1.233333 1.266667</float_array><technique_common><accessor source="#mixamorig_Spine2-Matrix-animation-input-array" count="39"><param name="TIME" type="float"/></accessor></technique_common></source><source id="mixamorig_Spine2-Matrix-animation-output-transform"><float_array id="mixamorig_Spine2-Matrix-animation-output-transform-array" count="624">

0.999299 -0.020941 0.031038 0.000100 0.019123 0.998148 0.057746 13.360200 -0.032190 -0.057112 0.997849 -1.626500 0.000000 0.000000 0.000000 1.000000
0.999236 -0.020746 0.033124 0.000100 0.019142 0.998663 0.048026 13.360200 -0.034076 -0.047355 0.998297 -1.626500 0.000000 0.000000 0.000000 1.000000
0.999222 -0.018666 0.034737 0.000100 0.017438 0.999224 0.035320 13.360200 -0.035369 -0.034687 0.998772 -1.626500 0.000000 0.000000 0.000000 1.000000
0.999241 -0.014513 0.036156 0.000100 0.013720 0.999662 0.022090 13.360200 -0.036464 -0.021578 0.999102 -1.626500 0.000000 0.000000 0.000000 1.000000
0.999258 -0.008748 0.037511 0.000100 0.008372 0.999913 0.010165 13.360200 -0.037597 -0.009844 0.999244 -1.626500 0.000000 0.000000 0.000000 1.000000
0.999253 -0.001842 0.038597 0.000100 0.001762 0.999996 0.002106 13.360200 -0.038601 -0.002037 0.999253 -1.626500 0.000000 0.000000 0.000000 1.000000
0.999263 0.002684 0.038297 0.000100 -0.002611 0.999995 -0.001959 13.360200 -0.038302 0.001858 0.999264 -1.626500 0.000000 0.000000 0.000000 1.000000
0.999339 0.003194 0.036208 0.000100 -0.003122 0.999993 -0.002044 13.360200 -0.036215 0.001930 0.999342 -1.626500 0.000000 0.000000 0.000000 1.000000
0.999488 -0.001442 0.031977 0.000100 0.001382 0.999997 0.001903 13.360200 -0.031980 -0.001858 0.999487 -1.626500 0.000000 0.000000 0.000000 1.000000
0.999609 -0.011021 0.025686 0.000100 0.010770 0.999893 0.009874 13.360200 -0.025792 -0.009594 0.999621 -1.626500 0.000000 0.000000 0.000000 1.000000
0.999550 -0.024052 0.017906 0.000100 0.023662 0.999485 0.021659 13.360200 -0.018418 -0.021225 0.999605 -1.626500 0.000000 0.000000 0.000000 1.000000
0.999223 -0.038229 0.009550 0.000100 0.037861 0.998630 0.036123 13.360200 -0.010917 -0.035733 0.999302 -1.626500 0.000000 0.000000 0.000000 1.000000
0.998672 -0.051507 0.001498 0.000100 0.051368 0.997424 0.050066 13.360200 -0.004073 -0.049923 0.998745 -1.626500 0.000000 0.000000 0.000000 1.000000
0.998023 -0.062597 -0.005651 0.000100 0.062821 0.996297 0.058704 13.360200 0.001956 -0.058943 0.998259 -1.626500 0.000000 0.000000 0.000000 1.000000
0.997423 -0.070785 -0.011662 0.000100 0.071345 0.995764 0.058001 13.360200 0.007507 -0.058683 0.998248 -1.626500 0.000000 0.000000 0.000000 1.000000
0.996975 -0.075908 -0.016724 0.000100 0.076606 0.995997 0.046049 13.360200 0.013162 -0.047191 0.998799 -1.626500 0.000000 0.000000 0.000000 1.000000
0.996737 -0.077864 -0.021294 0.000100 0.078361 0.996646 0.023588 13.360200 0.019386 -0.025180 0.999495 -1.626500 0.000000 0.000000 0.000000 1.000000
0.996764 -0.076162 -0.025706 0.000100 0.076041 0.997089 -0.005671 13.360200 0.026063 0.003698 0.999653 -1.626500 0.000000 0.000000 0.000000 1.000000
0.997042 -0.070744 -0.030028 0.000100 0.069636 0.996906 -0.036472 13.360200 0.032516 0.034273 0.998883 -1.626500 0.000000 0.000000 0.000000 1.000000
0.997453 -0.062681 -0.034041 0.000100 0.060403 0.996104 -0.064245 13.360200 0.037935 0.062025 0.997353 -1.626500 0.000000 0.000000 0.000000 1.000000
0.997837 -0.054100 -0.037334 0.000100 0.050714 0.994973 -0.086348 13.360200 0.041818 0.084268 0.995565 -1.626500 0.000000 0.000000 0.000000 1.000000
0.998097 -0.047352 -0.039504 0.000100 0.043106 0.993833 -0.102169 13.360200 0.044099 0.100272 0.993982 -1.626500 0.000000 0.000000 0.000000 1.000000
0.998209 -0.044139 -0.040389 0.000100 0.039357 0.992888 -0.112359 13.360200 0.045061 0.110568 0.992846 -1.626500 0.000000 0.000000 0.000000 1.000000
0.998179 -0.045006 -0.040152 0.000100 0.039996 0.992224 -0.117867 13.360200 0.045145 0.116046 0.992217 -1.626500 0.000000 0.000000 0.000000 1.000000
0.998016 -0.049301 -0.039168 0.000100 0.044320 0.991882 -0.119188 13.360200 0.044726 0.117215 0.992099 -1.626500 0.000000 0.000000 0.000000 1.000000
0.997750 -0.055402 -0.037769 0.000100 0.050689 0.991955 -0.115997 13.360200 0.043891 0.113822 0.992531 -1.626500 0.000000 0.000000 0.000000 1.000000
0.997476 -0.061189 -0.036016 0.000100 0.057014 0.992588 -0.107328 13.360200 0.042316 0.105004 0.993571 -1.626500 0.000000 0.000000 0.000000 1.000000
0.997347 -0.064561 -0.033636 0.000100 0.061216 0.993834 -0.092453 13.360200 0.039397 0.090149 0.995149 -1.626500 0.000000 0.000000 0.000000 1.000000
0.997496 -0.063959 -0.030174 0.000100 0.061662 0.995516 -0.071734 13.360200 0.034627 0.069694 0.996967 -1.626500 0.000000 0.000000 0.000000 1.000000
0.997943 -0.058916 -0.025258 0.000100 0.057688 0.997234 -0.046859 13.360200 0.027949 0.045305 0.998582 -1.626500 0.000000 0.000000 0.000000 1.000000
0.998553 -0.050377 -0.018818 0.000100 0.049981 0.998531 -0.020927 13.360200 0.019845 0.019957 0.999604 -1.626500 0.000000 0.000000 0.000000 1.000000
0.999124 -0.040326 -0.011151 0.000100 0.040358 0.999182 0.002619 13.360200 0.011037 -0.003067 0.999934 -1.626500 0.000000 0.000000 0.000000 1.000000
0.999514 -0.031030 -0.002840 0.000100 0.031085 0.999278 0.021848 13.360200 0.002160 -0.021926 0.999757 -1.626500 0.000000 0.000000 0.000000 1.000000
0.999693 -0.024192 0.005397 0.000100 0.023977 0.999034 0.036819 13.360200 -0.006282 -0.036679 0.999307 -1.626500 0.000000 0.000000 0.000000 1.000000
0.999710 -0.020338 0.012897 0.000100 0.019692 0.998637 0.048334 13.360200 -0.013863 -0.048066 0.998748 -1.626500 0.000000 0.000000 0.000000 1.000000
0.999634 -0.018975 0.019262 0.000100 0.017839 0.998186 0.057503 13.360200 -0.020319 -0.057138 0.998159 -1.626500 0.000000 0.000000 0.000000 1.000000
0.999522 -0.019226 0.024205 0.000100 0.017689 0.997907 0.062193 13.360200 -0.025350 -0.061735 0.997771 -1.626500 0.000000 0.000000 0.000000 1.000000
0.999402 -0.020095 0.028142 0.000100 0.018301 0.997870 0.062611 13.360200 -0.029340 -0.062059 0.997641 -1.626500 0.000000 0.000000 0.000000 1.000000
0.999299 -0.020941 0.031038 0.000100 0.019123 0.998148 0.057746 13.360200 -0.032190 -0.057112 0.997849 -1.626500 0.000000 0.000000 0.000000 1.000000</float_array><technique_common><accessor source="#mixamorig_Spine2-Matrix-animation-output-transform-array" count="39" stride="16"><param type="float4x4"/></accessor></technique_common></source><source id="mixamorig_Spine2-Interpolations"><Name_array id="mixamorig_Spine2-Interpolations-array" count="39">
 LINEAR LINEAR LINEAR LINEAR LINEAR LINEAR LINEAR LINEAR LINEAR LINEAR LINEAR
LINEAR LINEAR LINEAR LINEAR LINEAR LINEAR LINEAR LINEAR LINEAR LINEAR LINEAR LINEAR
LINEAR LINEAR LINEAR LINEAR LINEAR LINEAR LINEAR LINEAR LINEAR LINEAR LINEAR LINEAR
LINEAR LINEAR LINEAR LINEAR</Name_array><technique_common><accessor source="#mixamorig_Spine2-Interpolations-array" count="39"><param type="name"/></accessor></technique_common></source><sampler id="mixamorig_Spine2-Matrix-animation-transform"><input semantic="INPUT" source="#mixamorig_Spine2-Matrix-animation-input"/><input semantic="OUTPUT" source="#mixamorig_Spine2-Matrix-animation-output-transform"/><input semantic="INTERPOLATION" source="#mixamorig_Spine2-Interpolations"/></sampler><channel source="#mixamorig_Spine2-Matrix-animation-transform" target="mixamorig_Spine2/matrix"/></animation>
    <animation id="mixamorig_Neck-anim" name="mixamorig_Neck"><source id="mixamorig_Neck-Matrix-animation-input"><float_array id="mixamorig_Neck-Matrix-animation-input-array" count="39">

0.000000 0.033333 0.066667 0.100000 0.133333 0.166667 0.200000 0.233333 0.266667 0.300000 0.333333 0.366667 0.400000 0.433333 0.466667 0.500000
0.533333 0.566667 0.600000 0.633333 0.666667 0.700000 0.733333 0.766667 0.800000 0.833333 0.866667 0.900000 0.933333 0.966667 1.000000 1.033333
1.066667 1.100000 1.133333 1.166667 1.200000 1.233333 1.266667</float_array><technique_common><accessor source="#mixamorig_Neck-Matrix-animation-input-array" count="39"><param name="TIME" type="float"/></accessor></technique_common></source><source id="mixamorig_Neck-Matrix-animation-output-transform"><float_array id="mixamorig_Neck-Matrix-animation-output-transform-array" count="624">

0.997671 0.052695 -0.043314 0.000000 -0.055898 0.995508 -0.076414 15.032500 0.039093 0.078658 0.996135 0.792900 0.000000 0.000000 0.000000 1.000000
0.997469 0.051114 -0.049426 0.000000 -0.055538 0.994140 -0.092738 15.032500 0.044397 0.095248 0.994463 0.792900 0.000000 0.000000 0.000000 1.000000
0.997309 0.049076 -0.054465 0.000000 -0.054357 0.993485 -0.100160 15.032500 0.049195 0.102851 0.993480 0.792900 0.000000 0.000000 0.000000 1.000000
0.997184 0.047005 -0.058436 0.000000 -0.052623 0.993731 -0.098643 15.032500 0.053433 0.101440 0.993406 0.792900 0.000000 0.000000 0.000000 1.000000
0.997076 0.045290 -0.061547 0.000000 -0.050761 0.994607 -0.090442 15.032500 0.057119 0.093301 0.993998 0.792900 0.000000 0.000000 0.000000 1.000000
0.996965 0.045051 -0.063492 0.000000 -0.049858 0.995839 -0.076283 15.032500 0.059791 0.079217 0.995063 0.792900 0.000000 0.000000 0.000000 1.000000
0.996739 0.049265 -0.063906 -0.000000 -0.053242 0.996649 -0.062094 15.032500 0.060633 0.065294 0.996022 0.792900 0.000000 0.000000 0.000000 1.000000
0.996364 0.057542 -0.062824 0.000000 -0.060729 0.996899 -0.050044 15.032500 0.059750 0.053677 0.996769 0.792900 0.000000 0.000000 0.000000 1.000000
0.995822 0.068566 -0.060302 0.000000 -0.071200 0.996549 -0.042679 15.032500 0.057168 0.046794 0.997267 0.792900 0.000000 0.000000 0.000000 1.000000
0.995180 0.080158 -0.056492 0.000000 -0.082525 0.995750 -0.040890 15.032500 0.052974 0.045355 0.997565 0.792900 0.000000 0.000000 0.000000 1.000000
0.994615 0.089905 -0.051556 0.000000 -0.092183 0.994785 -0.043649 15.032500 0.047363 0.048166 0.997716 0.792900 0.000000 0.000000 0.000000 1.000000
0.994379 0.095559 -0.045604 0.000000 -0.097749 0.994030 -0.048481 15.032500 0.040699 0.052666 0.997782 0.792900 0.000000 0.000000 0.000000 1.000000
0.994675 0.095518 -0.038695 0.000000 -0.097477 0.993860 -0.052359 15.032500 0.033456 0.055852 0.997878 0.792900 0.000000 0.000000 0.000000 1.000000
0.995497 0.089601 -0.030937 0.000000 -0.091143 0.994445 -0.052653 15.032500 0.026048 0.055236 0.998134 0.792900 0.000000 0.000000 0.000000 1.000000
0.996638 0.078777 -0.022510 0.000000 -0.079784 0.995653 -0.048050 15.032500 0.018627 0.049685 0.998591 0.792900 0.000000 0.000000 0.000000 1.000000
0.997787 0.065071 -0.013650 -0.000000 -0.065559 0.997084 -0.039059 15.032500 0.011069 0.039867 0.999144 0.792900 0.000000 0.000000 0.000000 1.000000
0.998695 0.050863 -0.004675 0.000000 -0.050973 0.998317 -0.027650 15.032500 0.003261 0.027852 0.999607 0.792900 0.000000 0.000000 0.000000 1.000000
0.999260 0.038254 0.003963 0.000000 -0.038185 0.999139 -0.016230 15.032500 -0.004580 0.016067 0.999860 0.792900 0.000000 0.000000 0.000000 1.000000
0.999519 0.028675 0.011771 0.000000 -0.028597 0.999568 -0.006746 15.032500 -0.011959 0.006406 0.999908 0.792900 0.000000 0.000000 0.000000 1.000000
0.999571 0.022811 0.018351 0.000000 -0.022811 0.999740 -0.000212 15.032500 -0.018351 -0.000207 0.999832 0.792900 0.000000 0.000000 0.000000 1.000000
0.999515 0.020461 0.023467 0.000000 -0.020547 0.999783 0.003469 15.032500 -0.023391 -0.003950 0.999719 0.792900 0.000000 0.000000 0.000000 1.000000
0.999423 0.020530 0.027051 0.000000 -0.020683 0.999771 0.005405 15.032500 -0.026934 -0.005961 0.999619 0.792900 0.000000 0.000000 0.000000 1.000000
0.999343 0.021479 0.029176 0.000000 -0.021692 0.999740 0.007007 15.032500 -0.029018 -0.007635 0.999550 0.792900 0.000000 0.000000 0.000000 1.000000
0.999306 0.022055 0.030006 -0.000000 -0.022345 0.999707 0.009347 15.032500 -0.029791 -0.010011 0.999506 0.792900 0.000000 0.000000 0.000000 1.000000
0.999325 0.021594 0.029726 0.000000 -0.021983 0.999676 0.012829 15.032500 -0.029439 -0.013474 0.999476 0.792900 0.000000 0.000000 0.000000 1.000000
0.999388 0.020316 0.028492 0.000000 -0.020812 0.999635 0.017224 15.032500 -0.028131 -0.017807 0.999446 0.792900 0.000000 0.000000 0.000000 1.000000
0.999473 0.018869 0.026400 0.000000 -0.019449 0.999571 0.021891 15.032500 -0.025975 -0.022393 0.999412 0.792900 0.000000 0.000000 0.000000 1.000000
0.999560 0.018086 0.023507 0.000000 -0.018701 0.999482 0.026199 15.032500 -0.023021 -0.026627 0.999380 0.792900 0.000000 0.000000 0.000000 1.000000
0.999628 0.018726 0.019853 -0.000000 -0.019311 0.999373 0.029670 15.032500 -0.019285 -0.030042 0.999363 0.792900 0.000000 0.000000 0.000000 1.000000
0.999654 0.021248 0.015491 0.000000 -0.021733 0.999258 0.031812 15.032500 -0.014803 -0.032138 0.999374 0.792900 0.000000 0.000000 0.000000 1.000000
0.999620 0.025492 0.010490 0.000000 -0.025819 0.999143 0.032337 15.032500 -0.009656 -0.032595 0.999422 0.792900 0.000000 0.000000 0.000000 1.000000
0.999511 0.030872 0.004906 0.000000 -0.031010 0.999036 0.031056 15.032500 -0.003943 -0.031193 0.999506 0.792900 0.000000 0.000000 0.000000 1.000000
0.999317 0.036921 -0.001171 0.000000 -0.036876 0.998947 0.027292 15.032500 0.002177 -0.027230 0.999627 0.792900 0.000000 0.000000 0.000000 1.000000
0.999049 0.042933 -0.007651 0.000000 -0.042773 0.998886 0.019915 15.032500 0.008498 -0.019569 0.999772 0.792900 0.000000 0.000000 0.000000 1.000000
0.998737 0.048107 -0.014468 0.000000 -0.047992 0.998814 0.008210 15.032500 0.014846 -0.007505 0.999862 0.792900 0.000000 0.000000 0.000000 1.000000
0.998418 0.051906 -0.021624 0.000000 -0.052089 0.998611 -0.007971 15.032500 0.021180 0.009085 0.999734 0.792900 0.000000 0.000000 0.000000 1.000000
0.998150 0.053408 -0.029043 0.000000 -0.054280 0.998072 -0.030088 15.032500 0.027380 0.031608 0.999125 0.792900 0.000000 0.000000 0.000000 1.000000
0.997900 0.053588 -0.036387 0.000000 -0.055511 0.996994 -0.054060 15.032500 0.033381 0.055966 0.997875 0.792900 0.000000 0.000000 0.000000 1.000000
0.997671 0.052695 -0.043314 0.000000 -0.055898 0.995508 -0.076415 15.032500 0.039093 0.078658 0.996135 0.792900 0.000000 0.000000 0.000000 1.000000</float_array><technique_common><accessor source="#mixamorig_Neck-Matrix-animation-output-transform-array" count="39" stride="16"><param type="float4x4"/></accessor></technique_common></source><source id="mixamorig_Neck-Interpolations"><Name_array id="mixamorig_Neck-Interpolations-array" count="39">
 LINEAR LINEAR LINEAR LINEAR LINEAR LINEAR LINEAR LINEAR LINEAR LINEAR LINEAR
LINEAR LINEAR LINEAR LINEAR LINEAR LINEAR LINEAR LINEAR LINEAR LINEAR LINEAR LINEAR
LINEAR LINEAR LINEAR LINEAR LINEAR LINEAR LINEAR LINEAR LINEAR LINEAR LINEAR LINEAR
LINEAR LINEAR LINEAR LINEAR</Name_array><technique_common><accessor source="#mixamorig_Neck-Interpolations-array" count="39"><param type="name"/></accessor></technique_common></source><sampler id="mixamorig_Neck-Matrix-animation-transform"><input semantic="INPUT" source="#mixamorig_Neck-Matrix-animation-input"/><input semantic="OUTPUT" source="#mixamorig_Neck-Matrix-animation-output-transform"/><input semantic="INTERPOLATION" source="#mixamorig_Neck-Interpolations"/></sampler><channel source="#mixamorig_Neck-Matrix-animation-transform" target="mixamorig_Neck/matrix"/></animation>
    <animation id="mixamorig_Head-anim" name="mixamorig_Head"><source id="mixamorig_Head-Matrix-animation-input"><float_array id="mixamorig_Head-Matrix-animation-input-array" count="39">

0.000000 0.033333 0.066667 0.100000 0.133333 0.166667 0.200000 0.233333 0.266667 0.300000 0.333333 0.366667 0.400000 0.433333 0.466667 0.500000
