<?xml version="1.0" encoding="utf-8"?>
<COLLADA xmlns="http://www.collada.org/2005/11/COLLADASchema" version="1.4.1">
  <asset><contributor><author>Mixamo</author><authoring_tool>COLLADA Mixamo exporter</authoring_tool><comments></comments></contributor><created>2019-03-26T00:02:55Z</created><modified>2019-03-26T00:02:55Z</modified><revision></revision><title></title><unit meter="0.010000"/><up_axis>Y_UP</up_axis></asset>
  <library_animations>
    <animation id="mixamorig_Hips-anim" name="mixamorig_Hips"><source id="mixamorig_Hips-Matrix-animation-input"><float_array id="mixamorig_Hips-Matrix-animation-input-array" count="22">

0.000000 0.033333 0.066667 0.100000 0.133333 0.166667 0.200000 0.233333 0.266667 0.300000 0.333333 0.366667 0.400000 0.433333 0.466667 0.500000
0.533333 0.566667 0.600000 0.633333 0.666667 0.700000</float_array><technique_common><accessor source="#mixamorig_Hips-Matrix-animation-input-array" count="22"><param name="TIME" type="float"/></accessor></technique_common></source><source id="mixamorig_Hips-Matrix-animation-output-transform"><float_array id="mixamorig_Hips-Matrix-animation-output-transform-array" count="352">

0.977301 -0.119467 -0.174960 -0.071318 0.054057 0.939122 -0.339304 90.096977 0.204844 0.322144 0.924263 0.185528 0.000000 0.000000 0.000000 1.000000
0.971391 -0.150620 -0.183610 0.212449 0.082666 0.939246 -0.333142 91.401321 0.222633 0.308433 0.924826 13.009405 0.000000 0.000000 0.000000 1.000000
0.971593 -0.165616 -0.169053 0.155629 0.098480 0.932481 -0.347535 92.328217 0.215196 0.321015 0.922302 25.290899 0.000000 0.000000 0.000000 1.000000
0.979141 -0.143991 -0.143349 0.221779 0.082560 0.926613 -0.366840 93.482635 0.185651 0.347354 0.919173 37.657356 0.000000 0.000000 0.000000 1.000000
0.987267 -0.110031 -0.114880 0.492704 0.060615 0.927914 -0.367833 94.201736 0.147072 0.356186 0.922768 49.891949 0.000000 0.000000 0.000000 1.000000
0.992224 -0.088115 -0.087902 0.850663 0.053144 0.938571 -0.340970 93.782982 0.112547 0.333647 0.935956 61.825401 0.000000 0.000000 0.000000 1.000000
0.995090 -0.081437 -0.056249 1.256694 0.060986 0.952119 -0.299582 92.641205 0.077953 0.294681 0.952411 73.643066 0.000000 0.000000 0.000000 1.000000
0.996137 -0.086374 -0.015849 1.708272 0.079032 0.960451 -0.266999 91.322289 0.038284 0.264715 0.963566 85.515724 0.000000 0.000000 0.000000 1.000000
0.995933 -0.083198 0.034564 2.192671 0.089361 0.961043 -0.261555 90.430710 -0.011457 0.263580 0.964570 97.733582 0.000000 0.000000 0.000000 1.000000
0.995054 -0.048865 0.086489 2.505639 0.071972 0.954733 -0.288627 90.502769 -0.068470 0.293425 0.953527 110.399719 0.000000 0.000000 0.000000 1.000000
0.992064 0.016920 0.124592 2.624611 0.026413 0.940750 -0.338071 91.817696 -0.122931 0.338679 0.932837 123.566765 0.000000 0.000000 0.000000 1.000000
0.987222 0.082173 0.136530 2.747067 -0.022459 0.919982 -0.391316 94.056938 -0.157761 0.383249 0.910072 137.195801 0.000000 0.000000 0.000000 1.000000
0.986066 0.112286 0.122746 2.993286 -0.048654 0.900240 -0.432667 96.317444 -0.159084 0.420666 0.893159 151.153244 0.000000 0.000000 0.000000 1.000000
0.990675 0.098110 0.094543 3.299057 -0.045413 0.891988 -0.449772 97.732506 -0.128458 0.441284 0.888125 165.427231 0.000000 0.000000 0.000000 1.000000
0.996221 0.060555 0.062268 3.492198 -0.027657 0.900736 -0.433486 97.843025 -0.082336 0.430126 0.899007 179.763458 0.000000 0.000000 0.000000 1.000000
0.999203 0.021385 0.033692 3.384066 -0.006693 0.922140 -0.386799 96.748322 -0.039340 0.386266 0.921548 194.071457 0.000000 0.000000 0.000000 1.000000
0.999857 -0.005981 0.015842 2.896335 0.010867 0.944130 -0.329393 94.684036 -0.012986 0.329518 0.944060 208.366989 0.000000 0.000000 0.000000 1.000000
0.999911 -0.012740 0.003842 2.176208 0.013307 0.957541 -0.287990 92.264069 -0.000010 0.288016 0.957626 222.670181 0.000000 0.000000 0.000000 1.000000
0.999840 -0.012097 -0.013180 1.364486 0.007972 0.960805 -0.277111 89.925621 0.016016 0.276962 0.960747 236.993423 0.000000 0.000000 0.000000 1.000000
0.998420 -0.024884 -0.050379 0.669533 0.009273 0.957268 -0.289054 88.524803 0.055419 0.288130 0.955986 251.142899 0.000000 0.000000 0.000000 1.000000
0.992134 -0.063982 -0.107595 0.172331 0.027571 0.950092 -0.310750 88.610077 0.122108 0.305340 0.944382 265.041046 0.000000 0.000000 0.000000 1.000000
0.977301 -0.119467 -0.174960 -0.066244 0.054057 0.939122 -0.339303 90.096977 0.204844 0.322144 0.924263 278.507843 0.000000 0.000000 0.000000 1.000000</float_array><technique_common><accessor source="#mixamorig_Hips-Matrix-animation-output-transform-array" count="22" stride="16"><param type="float4x4"/></accessor></technique_common></source><source id="mixamorig_Hips-Interpolations"><Name_array id="mixamorig_Hips-Interpolations-array" count="22">
 LINEAR LINEAR LINEAR LINEAR LINEAR LINEAR LINEAR LINEAR LINEAR LINEAR LINEAR
LINEAR LINEAR LINEAR LINEAR LINEAR LINEAR LINEAR LINEAR LINEAR LINEAR LINEAR</Name_array><technique_common><accessor source="#mixamorig_Hips-Interpolations-array" count="22"><param type="name"/></accessor></technique_common></source><sampler id="mixamorig_Hips-Matrix-animation-transform"><input semantic="INPUT" source="#mixamorig_Hips-Matrix-animation-input"/><input semantic="OUTPUT" source="#mixamorig_Hips-Matrix-animation-output-transform"/><input semantic="INTERPOLATION" source="#mixamorig_Hips-Interpolations"/></sampler><channel source="#mixamorig_Hips-Matrix-animation-transform" target="mixamorig_Hips/matrix"/></animation>
    <animation id="mixamorig_Spine-anim" name="mixamorig_Spine"><source id="mixamorig_Spine-Matrix-animation-input"><float_array id="mixamorig_Spine-Matrix-animation-input-array" count="22">

0.000000 0.033333 0.066667 0.100000 0.133333 0.166667 0.200000 0.233333 0.266667 0.300000 0.333333 0.366667 0.400000 0.433333 0.466667 0.500000
0.533333 0.566667 0.600000 0.633333 0.666667 0.700000</float_array><technique_common><accessor source="#mixamorig_Spine-Matrix-animation-input-array" count="22"><param name="TIME" type="float"/></accessor></technique_common></source><source id="mixamorig_Spine-Matrix-animation-output-transform"><float_array id="mixamorig_Spine-Matrix-animation-output-transform-array" count="352">

0.990321 0.114240 0.078832 -0.000000 -0.063455 0.877762 -0.474876 9.923500 -0.123445 0.465277 0.876515 -1.227300 0.000000 0.000000 0.000000 1.000000
0.962871 0.193317 0.188437 0.000000 -0.086106 0.881473 -0.464318 9.923500 -0.255863 0.430852 0.865390 -1.227300 0.000000 0.000000 0.000000 1.000000
0.933465 0.238305 0.268057 0.000000 -0.105550 0.896786 -0.429690 9.923500 -0.342787 0.372807 0.862272 -1.227300 0.000000 0.000000 0.000000 1.000000
0.920103 0.230670 0.316546 0.000000 -0.098054 0.918104 -0.384019 9.923500 -0.379204 0.322298 0.867369 -1.227300 0.000000 0.000000 0.000000 1.000000
0.923209 0.202181 0.326815 0.000000 -0.076664 0.930221 -0.358904 9.923500 -0.376573 0.306289 0.874288 -1.227300 0.000000 0.000000 0.000000 1.000000
0.936475 0.182391 0.299581 0.000000 -0.060839 0.925677 -0.373390 9.923500 -0.345418 0.331444 0.877970 -1.227300 0.000000 0.000000 0.000000 1.000000
0.957306 0.171151 0.232965 0.000000 -0.060895 0.907205 -0.416259 9.923500 -0.282589 0.384301 0.878895 -1.227300 0.000000 0.000000 0.000000 1.000000
0.978093 0.158978 0.134390 0.000000 -0.080501 0.884213 -0.460095 9.923500 -0.191974 0.439197 0.877640 -1.227300 0.000000 0.000000 0.000000 1.000000
0.991599 0.126789 0.025617 0.000000 -0.099667 0.875147 -0.473482 9.923500 -0.082451 0.466951 0.880431 -1.227300 0.000000 0.000000 0.000000 1.000000
0.995546 0.062119 -0.070918 0.000000 -0.087400 0.890146 -0.447216 9.923500 0.035346 0.451422 0.891610 -1.227300 0.000000 0.000000 0.000000 1.000000
0.988116 -0.029966 -0.150759 0.000000 -0.033653 0.914841 -0.402411 9.923500 0.149979 0.402702 0.902960 -1.227300 0.000000 0.000000 0.000000 1.000000
0.967956 -0.121227 -0.219922 0.000000 0.034509 0.931667 -0.361671 9.923500 0.248738 0.342492 0.905996 -1.227300 0.000000 0.000000 0.000000 1.000000
0.944373 -0.175269 -0.278281 -0.000000 0.078390 0.941731 -0.327106 9.923500 0.319397 0.287095 0.903085 -1.227300 0.000000 0.000000 0.000000 1.000000
0.931029 -0.176351 -0.319507 -0.000000 0.077995 0.951418 -0.297859 9.923500 0.356513 0.252396 0.899553 -1.227300 0.000000 0.000000 0.000000 1.000000
0.931117 -0.143938 -0.335116 0.000000 0.044744 0.956971 -0.286714 9.923500 0.361966 0.251970 0.897492 -1.227300 0.000000 0.000000 0.000000 1.000000
0.939371 -0.105095 -0.326401 0.000000 0.002010 0.953546 -0.301239 9.923500 0.342897 0.282319 0.895945 -1.227300 0.000000 0.000000 0.000000 1.000000
0.950763 -0.081417 -0.299034 -0.000000 -0.024393 0.942224 -0.334095 9.923500 0.308958 0.324940 0.893845 -1.227300 0.000000 0.000000 0.000000 1.000000
0.965317 -0.083277 -0.247442 -0.000000 -0.015667 0.927579 -0.373298 9.923500 0.260609 0.364227 0.894104 -1.227300 0.000000 0.000000 0.000000 1.000000
0.980912 -0.088696 -0.173048 -0.000000 0.011106 0.914015 -0.405529 9.923500 0.194137 0.395866 0.897553 -1.227300 0.000000 0.000000 0.000000 1.000000
0.994690 -0.062222 -0.081972 0.000000 0.021432 0.904303 -0.426353 9.923500 0.100656 0.422332 0.900835 -1.227300 0.000000 0.000000 0.000000 1.000000
0.999895 0.011766 0.008415 -0.000000 -0.006787 0.895306 -0.445400 9.923500 -0.012775 0.445296 0.895292 -1.227300 0.000000 0.000000 0.000000 1.000000
0.990321 0.114240 0.078832 0.000000 -0.063454 0.877762 -0.474875 9.923500 -0.123445 0.465277 0.876515 -1.227300 0.000000 0.000000 0.000000 1.000000</float_array><technique_common><accessor source="#mixamorig_Spine-Matrix-animation-output-transform-array" count="22" stride="16"><param type="float4x4"/></accessor></technique_common></source><source id="mixamorig_Spine-Interpolations"><Name_array id="mixamorig_Spine-Interpolations-array" count="22">
 LINEAR LINEAR LINEAR LINEAR LINEAR LINEAR LINEAR LINEAR LINEAR LINEAR LINEAR
LINEAR LINEAR LINEAR LINEAR LINEAR LINEAR LINEAR LINEAR LINEAR LINEAR LINEAR</Name_array><technique_common><accessor source="#mixamorig_Spine-Interpolations-array" count="22"><param type="name"/></accessor></technique_common></source><sampler id="mixamorig_Spine-Matrix-animation-transform"><input semantic="INPUT" source="#mixamorig_Spine-Matrix-animation-input"/><input semantic="OUTPUT" source="#mixamorig_Spine-Matrix-animation-output-transform"/><input semantic="INTERPOLATION" source="#mixamorig_Spine-Interpolations"/></sampler><channel source="#mixamorig_Spine-Matrix-animation-transform" target="mixamorig_Spine/matrix"/></animation>
    <animation id="mixamorig_Spine1-anim" name="mixamorig_Spine1"><source id="mixamorig_Spine1-Matrix-animation-input"><float_array id="mixamorig_Spine1-Matrix-animation-input-array" count="22">

0.000000 0.033333 0.066667 0.100000 0.133333 0.166667 0.200000 0.233333 0.266667 0.300000 0.333333 0.366667 0.400000 0.433333 0.466667 0.500000
0.533333 0.566667 0.600000 0.633333 0.666667 0.700000</float_array><technique_common><accessor source="#mixamorig_Spine1-Matrix-animation-input-array" count="22"><param name="TIME" type="float"/></accessor></technique_common></source><source id="mixamorig_Spine1-Matrix-animation-output-transform"><float_array id="mixamorig_Spine1-Matrix-animation-output-transform-array" count="352">

0.999427 0.011377 0.031871 -0.000100 -0.010210 0.999280 -0.036533 11.645400 -0.032264 0.036186 0.998824 -1.422300 0.000000 0.000000 0.000000 1.000000
0.997650 0.011419 0.067555 -0.000100 -0.008610 0.999092 -0.041719 11.645400 -0.067970 0.041039 0.996843 -1.422300 0.000000 0.000000 0.000000 1.000000
0.995807 0.005398 0.091317 -0.000100 -0.001339 0.999010 -0.044458 11.645400 -0.091467 0.044149 0.994829 -1.422300 0.000000 0.000000 0.000000 1.000000
0.994754 -0.001253 0.102293 -0.000100 0.005994 0.998921 -0.046052 11.645400 -0.102125 0.046423 0.993688 -1.422300 0.000000 0.000000 0.000000 1.000000
0.994730 -0.005261 0.102390 -0.000100 0.010184 0.998814 -0.047615 11.645400 -0.102018 0.048407 0.993604 -1.422300 0.000000 0.000000 0.000000 1.000000
0.995644 -0.006165 0.093033 -0.000100 0.010776 0.998733 -0.049146 11.645400 -0.092612 0.049934 0.994449 -1.422300 0.000000 0.000000 0.000000 1.000000
0.997196 -0.004914 0.074675 -0.000100 0.008657 0.998718 -0.049878 11.645400 -0.074334 0.050384 0.995960 -1.422300 0.000000 0.000000 0.000000 1.000000
0.998832 -0.002127 0.048275 -0.000100 0.004521 0.998762 -0.049539 11.645400 -0.048110 0.049700 0.997605 -1.422300 0.000000 0.000000 0.000000 1.000000
0.999851 0.001020 0.017231 -0.000100 -0.000182 0.998822 -0.048522 11.645400 -0.017260 0.048512 0.998673 -1.422300 0.000000 0.000000 0.000000 1.000000
0.999900 0.002143 -0.013990 -0.000100 -0.002789 0.998922 -0.046343 11.645400 0.013876 0.046377 0.998828 -1.422300 0.000000 0.000000 0.000000 1.000000
0.999074 -0.000785 -0.043006 -0.000100 -0.000969 0.999169 -0.040759 11.645400 0.043003 0.040763 0.998243 -1.422300 0.000000 0.000000 0.000000 1.000000
0.997601 -0.007120 -0.068852 -0.000100 0.004978 0.999500 -0.031227 11.645400 0.069040 0.030809 0.997138 -1.422300 0.000000 0.000000 0.000000 1.000000
0.995956 -0.012215 -0.089006 -0.000100 0.010220 0.999687 -0.022844 11.645400 0.089257 0.021842 0.995769 -1.422300 0.000000 0.000000 0.000000 1.000000
0.994918 -0.011111 -0.100074 -0.000100 0.008975 0.999723 -0.021771 11.645400 0.100288 0.020762 0.994742 -1.422300 0.000000 0.000000 0.000000 1.000000
0.994819 -0.003913 -0.101584 -0.000100 0.001128 0.999622 -0.027460 11.645400 0.101653 0.027204 0.994448 -1.422300 0.000000 0.000000 0.000000 1.000000
0.995323 0.004904 -0.096482 -0.000100 -0.008251 0.999377 -0.034315 11.645400 0.096254 0.034950 0.994743 -1.422300 0.000000 0.000000 0.000000 1.000000
0.996076 0.010780 -0.087839 -0.000100 -0.014242 0.999142 -0.038888 11.645400 0.087344 0.039986 0.995375 -1.422300 0.000000 0.000000 0.000000 1.000000
0.997185 0.012060 -0.074010 -0.000100 -0.015186 0.999010 -0.041818 11.645400 0.073432 0.042824 0.996380 -1.422300 0.000000 0.000000 0.000000 1.000000
0.998687 0.010711 -0.050092 -0.000100 -0.012929 0.998940 -0.044171 11.645400 0.049566 0.044761 0.997767 -1.422300 0.000000 0.000000 0.000000 1.000000
0.999777 0.009989 -0.018594 -0.000100 -0.010814 0.998936 -0.044827 11.645400 0.018126 0.045018 0.998822 -1.422300 0.000000 0.000000 0.000000 1.000000
0.999888 0.010746 0.010425 -0.000100 -0.010297 0.999056 -0.042194 11.645400 -0.010868 0.042082 0.999055 -1.422300 0.000000 0.000000 0.000000 1.000000
0.999427 0.011377 0.031871 -0.000100 -0.010210 0.999280 -0.036533 11.645400 -0.032264 0.036186 0.998824 -1.422300 0.000000 0.000000 0.000000 1.000000</float_array><technique_common><accessor source="#mixamorig_Spine1-Matrix-animation-output-transform-array" count="22" stride="16"><param type="float4x4"/></accessor></technique_common></source><source id="mixamorig_Spine1-Interpolations"><Name_array id="mixamorig_Spine1-Interpolations-array" count="22">
 LINEAR LINEAR LINEAR LINEAR LINEAR LINEAR LINEAR LINEAR LINEAR LINEAR LINEAR
LINEAR LINEAR LINEAR LINEAR LINEAR LINEAR LINEAR LINEAR LINEAR LINEAR LINEAR</Name_array><technique_common><accessor source="#mixamorig_Spine1-Interpolations-array" count="22"><param type="name"/></accessor></technique_common></source><sampler id="mixamorig_Spine1-Matrix-animation-transform"><input semantic="INPUT" source="#mixamorig_Spine1-Matrix-animation-input"/><input semantic="OUTPUT" source="#mixamorig_Spine1-Matrix-animation-output-transform"/><input semantic="INTERPOLATION" source="#mixamorig_Spine1-Interpolations"/></sampler><channel source="#mixamorig_Spine1-Matrix-animation-transform" target="mixamorig_Spine1/matrix"/></animation>
    <animation id="mixamorig_Spine2-anim" name="mixamorig_Spine2"><source id="mixamorig_Spine2-Matrix-animation-input"><float_array id="mixamorig_Spine2-Matrix-animation-input-array" count="22">

0.000000 0.033333 0.066667 0.100000 0.133333 0.166667 0.200000 0.233333 0.266667 0.300000 0.333333 0.366667 0.400000 0.433333 0.466667 0.500000
0.533333 0.566667 0.600000 0.633333 0.666667 0.700000</float_array><technique_common><accessor source="#mixamorig_Spine2-Matrix-animation-input-array" count="22"><param name="TIME" type="float"/></accessor></technique_common></source><source id="mixamorig_Spine2-Matrix-animation-output-transform"><float_array id="mixamorig_Spine2-Matrix-animation-output-transform-array" count="352">

0.999388 0.012962 0.032497 0.000100 -0.011782 0.999273 -0.036249 13.360200 -0.032943 0.035844 0.998814 -1.626500 0.000000 0.000000 0.000000 1.000000
0.997590 0.014673 0.067812 0.000100 -0.011966 0.999122 -0.040148 13.360200 -0.068341 0.039240 0.996890 -1.626500 0.000000 0.000000 0.000000 1.000000
0.995812 0.009334 0.090946 0.000100 -0.005676 0.999168 -0.040399 13.360200 -0.091247 0.039713 0.995036 -1.626500 0.000000 0.000000 0.000000 1.000000
0.994851 0.002705 0.101307 0.000100 0.001446 0.999163 -0.040874 13.360200 -0.101333 0.040810 0.994015 -1.626500 0.000000 0.000000 0.000000 1.000000
0.994887 -0.001444 0.100987 0.000100 0.005935 0.999006 -0.044180 13.360200 -0.100823 0.044554 0.993906 -1.626500 0.000000 0.000000 0.000000 1.000000
0.995800 -0.002607 0.091518 0.000100 0.007033 0.998819 -0.048077 13.360200 -0.091284 0.048518 0.994642 -1.626500 0.000000 0.000000 0.000000 1.000000
0.997307 -0.001953 0.073315 0.000100 0.005563 0.998780 -0.049064 13.360200 -0.073130 0.049339 0.996101 -1.626500 0.000000 0.000000 0.000000 1.000000
0.998886 -0.000172 0.047191 0.000100 0.002420 0.998864 -0.047596 13.360200 -0.047129 0.047657 0.997751 -1.626500 0.000000 0.000000 0.000000 1.000000
0.999864 0.001636 0.016431 0.000100 -0.000879 0.998943 -0.045958 13.360200 -0.016489 0.045937 0.998808 -1.626500 0.000000 0.000000 0.000000 1.000000
0.999894 0.001349 -0.014486 0.000100 -0.001983 0.999037 -0.043833 13.360200 0.014413 0.043857 0.998934 -1.626500 0.000000 0.000000 0.000000 1.000000
0.999061 -0.002671 -0.043247 0.000100 0.000993 0.999248 -0.038767 13.360200 0.043318 0.038688 0.998312 -1.626500 0.000000 0.000000 0.000000 1.000000
0.997568 -0.009583 -0.069038 0.000100 0.007534 0.999525 -0.029880 13.360200 0.069292 0.029288 0.997166 -1.626500 0.000000 0.000000 0.000000 1.000000
0.995901 -0.014832 -0.089225 0.000100 0.012936 0.999679 -0.021790 13.360200 0.089519 0.020546 0.995773 -1.626500 0.000000 0.000000 0.000000 1.000000
0.994881 -0.013783 -0.100107 0.000100 0.011723 0.999708 -0.021136 13.360200 0.100370 0.019854 0.994752 -1.626500 0.000000 0.000000 0.000000 1.000000
0.994843 -0.006751 -0.101206 0.000100 0.003967 0.999609 -0.027687 13.360200 0.101354 0.027143 0.994480 -1.626500 0.000000 0.000000 0.000000 1.000000
0.995403 0.001940 -0.095758 0.000100 -0.005272 0.999389 -0.034558 13.360200 0.095632 0.034904 0.994805 -1.626500 0.000000 0.000000 0.000000 1.000000
0.996179 0.007930 -0.086974 0.000100 -0.011166 0.999261 -0.036788 13.360200 0.086618 0.037618 0.995531 -1.626500 0.000000 0.000000 0.000000 1.000000
0.997277 0.009638 -0.073111 0.000100 -0.012313 0.999267 -0.036233 13.360200 0.072708 0.037035 0.996665 -1.626500 0.000000 0.000000 0.000000 1.000000
0.998751 0.009070 -0.049127 0.000100 -0.010932 0.999227 -0.037757 13.360200 0.048747 0.038247 0.998079 -1.626500 0.000000 0.000000 0.000000 1.000000
0.999801 0.009530 -0.017547 0.000100 -0.010250 0.999088 -0.041453 13.360200 0.017136 0.041625 0.998986 -1.626500 0.000000 0.000000 0.000000 1.000000
0.999868 0.011556 0.011386 0.000100 -0.011068 0.999055 -0.042040 13.360200 -0.011861 0.041909 0.999051 -1.626500 0.000000 0.000000 0.000000 1.000000
0.999388 0.012962 0.032497 0.000100 -0.011782 0.999273 -0.036249 13.360200 -0.032943 0.035844 0.998814 -1.626500 0.000000 0.000000 0.000000 1.000000</float_array><technique_common><accessor source="#mixamorig_Spine2-Matrix-animation-output-transform-array" count="22" stride="16"><param type="float4x4"/></accessor></technique_common></source><source id="mixamorig_Spine2-Interpolations"><Name_array id="mixamorig_Spine2-Interpolations-array" count="22">
 LINEAR LINEAR LINEAR LINEAR LINEAR LINEAR LINEAR LINEAR LINEAR LINEAR LINEAR
LINEAR LINEAR LINEAR LINEAR LINEAR LINEAR LINEAR LINEAR LINEAR LINEAR LINEAR</Name_array><technique_common><accessor source="#mixamorig_Spine2-Interpolations-array" count="22"><param type="name"/></accessor></technique_common></source><sampler id="mixamorig_Spine2-Matrix-animation-transform"><input semantic="INPUT" source="#mixamorig_Spine2-Matrix-animation-input"/><input semantic="OUTPUT" source="#mixamorig_Spine2-Matrix-animation-output-transform"/><input semantic="INTERPOLATION" source="#mixamorig_Spine2-Interpolations"/></sampler><channel source="#mixamorig_Spine2-Matrix-animation-transform" target="mixamorig_Spine2/matrix"/></animation>
    <animation id="mixamorig_Neck-anim" name="mixamorig_Neck"><source id="mixamorig_Neck-Matrix-animation-input"><float_array id="mixamorig_Neck-Matrix-animation-input-array" count="22">

0.000000 0.033333 0.066667 0.100000 0.133333 0.166667 0.200000 0.233333 0.266667 0.300000 0.333333 0.366667 0.400000 0.433333 0.466667 0.500000
0.533333 0.566667 0.600000 0.633333 0.666667 0.700000</float_array><technique_common><accessor source="#mixamorig_Neck-Matrix-animation-input-array" count="22"><param name="TIME" type="float"/></accessor></technique_common></source><source id="mixamorig_Neck-Matrix-animation-output-transform"><float_array id="mixamorig_Neck-Matrix-animation-output-transform-array" count="352">

0.999574 0.013516 0.025873 0.000000 -0.018030 0.982935 0.183069 15.032500 -0.022957 -0.183457 0.982760 0.792900 0.000000 0.000000 0.000000 1.000000
0.999486 -0.010569 -0.030273 0.000000 0.014639 0.990387 0.137550 15.032500 0.028529 -0.137923 0.990032 0.792900 0.000000 0.000000 0.000000 1.000000
0.996709 -0.031173 -0.074835 0.000000 0.037345 0.995887 0.082547 15.032500 0.071954 -0.085070 0.993774 0.792900 0.000000 0.000000 0.000000 1.000000
0.993746 -0.045569 -0.101945 0.000000 0.049953 0.997915 0.040864 15.032500 0.099870 -0.045701 0.993950 0.792900 0.000000 0.000000 0.000000 1.000000
0.992756 -0.044504 -0.111600 0.000000 0.047746 0.998507 0.026541 15.032500 0.110252 -0.031677 0.993399 0.792900 0.000000 0.000000 0.000000 1.000000
0.993980 -0.031561 -0.104913 0.000000 0.035539 0.998710 0.036267 15.032500 0.103633 -0.039778 0.993820 0.792900 0.000000 0.000000 0.000000 1.000000
0.996447 -0.017236 -0.082442 0.000000 0.022246 0.997935 0.060249 15.032500 0.081233 -0.061869 0.994773 0.792900 0.000000 0.000000 0.000000 1.000000
0.998771 -0.007192 -0.049030 -0.000000 0.011748 0.995570 0.093283 15.032500 0.048142 -0.093744 0.994432 0.792900 0.000000 0.000000 0.000000 1.000000
0.999910 -0.002772 -0.013159 -0.000000 0.004442 0.991689 0.128581 15.032500 0.012693 -0.128628 0.991612 0.792900 0.000000 0.000000 0.000000 1.000000
0.999799 -0.005653 0.019257 0.000000 0.002596 0.987881 0.155194 15.032500 -0.019901 -0.155113 0.987696 0.792900 0.000000 0.000000 0.000000 1.000000
0.998675 -0.009894 0.050495 -0.000000 0.001479 0.986452 0.164041 15.032500 -0.051434 -0.163749 0.985160 0.792900 0.000000 0.000000 0.000000 1.000000
0.996297 -0.000517 0.085972 0.000000 -0.012400 0.988663 0.149640 15.032500 -0.085074 -0.150152 0.984996 0.792900 0.000000 0.000000 0.000000 1.000000
0.992459 0.023020 0.120397 -0.000000 -0.037774 0.991843 0.121739 15.032500 -0.116613 -0.125369 0.985233 0.792900 0.000000 0.000000 0.000000 1.000000
0.988424 0.044749 0.144968 0.000000 -0.060039 0.992881 0.102872 15.032500 -0.139333 -0.110385 0.984074 0.792900 0.000000 0.000000 0.000000 1.000000
0.985387 0.056395 0.160722 0.000000 -0.073528 0.991988 0.102730 15.032500 -0.153640 -0.113046 0.981639 0.792900 0.000000 0.000000 0.000000 1.000000
0.983320 0.060511 0.171524 -0.000000 -0.080904 0.990122 0.114511 15.032500 -0.162901 -0.126478 0.978502 0.792900 0.000000 0.000000 0.000000 1.000000
0.982992 0.059727 0.173663 0.000000 -0.083007 0.988028 0.130043 15.032500 -0.163817 -0.142247 0.976181 0.792900 0.000000 0.000000 0.000000 1.000000
0.985969 0.053472 0.158129 0.000000 -0.077002 0.986188 0.146643 15.032500 -0.148104 -0.156762 0.976469 0.792900 0.000000 0.000000 0.000000 1.000000
0.991434 0.041769 0.123748 0.000000 -0.061805 0.984723 0.162790 15.032500 -0.115057 -0.169044 0.978870 0.792900 0.000000 0.000000 0.000000 1.000000
0.996189 0.028036 0.082595 0.000000 -0.042182 0.983690 0.174858 15.032500 -0.076346 -0.177675 0.981123 0.792900 0.000000 0.000000 0.000000 1.000000
0.998673 0.017295 0.048513 0.000000 -0.025800 0.983221 0.180585 15.032500 -0.044576 -0.181597 0.982362 0.792900 0.000000 0.000000 0.000000 1.000000
0.999574 0.013516 0.025873 0.000000 -0.018030 0.982935 0.183068 15.032500 -0.022957 -0.183457 0.982760 0.792900 0.000000 0.000000 0.000000 1.000000</float_array><technique_common><accessor source="#mixamorig_Neck-Matrix-animation-output-transform-array" count="22" stride="16"><param type="float4x4"/></accessor></technique_common></source><source id="mixamorig_Neck-Interpolations"><Name_array id="mixamorig_Neck-Interpolations-array" count="22">
 LINEAR LINEAR LINEAR LINEAR LINEAR LINEAR LINEAR LINEAR LINEAR LINEAR LINEAR
LINEAR LINEAR LINEAR LINEAR LINEAR LINEAR LINEAR LINEAR LINEAR LINEAR LINEAR</Name_array><technique_common><accessor source="#mixamorig_Neck-Interpolations-array" count="22"><param type="name"/></accessor></technique_common></source><sampler id="mixamorig_Neck-Matrix-animation-transform"><input semantic="INPUT" source="#mixamorig_Neck-Matrix-animation-input"/><input semantic="OUTPUT" source="#mixamorig_Neck-Matrix-animation-output-transform"/><input semantic="INTERPOLATION" source="#mixamorig_Neck-Interpolations"/></sampler><channel source="#mixamorig_Neck-Matrix-animation-transform" target="mixamorig_Neck/matrix"/></animation>
    <animation id="mixamorig_Head-anim" name="mixamorig_Head"><source id="mixamorig_Head-Matrix-animation-input"><float_array id="mixamorig_Head-Matrix-animation-input-array" count="22">

0.000000 0.033333 0.066667 0.100000 0.133333 0.166667 0.200000 0.233333 0.266667 0.300000 0.333333 0.366667 0.400000 0.433333 0.466667 0.500000
0.533333 0.566667 0.600000 0.633333 0.666667 0.700000</float_array><technique_common><accessor source="#mixamorig_Head-Matrix-animation-input-array" count="22"><param name="TIME" type="float"/></accessor></technique_common></source><source id="mixamorig_Head-Matrix-animation-output-transform"><float_array id="mixamorig_Head-Matrix-animation-output-transform-array" count="352">

0.993772 0.096051 -0.056498 -0.000000 -0.061389 0.895015 0.441792 10.321800 0.093002 -0.435572 0.895337 3.142400 0.000000 0.000000 0.000000 1.000000
0.980630 0.099979 -0.168431 -0.000000 -0.016139 0.898234 0.439221 10.321800 0.195203 -0.427995 0.882449 3.142400 0.000000 0.000000 0.000000 1.000000
0.960296 0.111589 -0.255694 0.000000 0.011518 0.899882 0.435981 10.321800 0.278745 -0.421616 0.862868 3.142400 0.000000 0.000000 0.000000 1.000000
0.944039 0.114389 -0.309364 -0.000000 0.034025 0.899159 0.436297 10.321800 0.328075 -0.422408 0.844949 3.142400 0.000000 0.000000 0.000000 1.000000
0.936260 0.102454 -0.336036 0.000000 0.057262 0.899232 0.433708 10.321800 0.346609 -0.425306 0.836048 3.142400 0.000000 0.000000 0.000000 1.000000
0.939456 0.086152 -0.331662 0.000000 0.068837 0.900701 0.428950 10.321800 0.335684 -0.425811 0.840239 3.142400 0.000000 0.000000 0.000000 1.000000
0.954238 0.074229 -0.289688 0.000000 0.061134 0.899825 0.431946 10.321800 0.292732 -0.429889 0.854110 3.142400 0.000000 0.000000 0.000000 1.000000
0.972745 0.058397 -0.224404 0.000000 0.049027 0.894091 0.445193 10.321800 0.226636 -0.444061 0.866860 3.142400 0.000000 0.000000 0.000000 1.000000
0.986802 0.027723 -0.159539 0.000000 0.049184 0.887375 0.458417 10.321800 0.154279 -0.460214 0.874300 3.142400 0.000000 0.000000 0.000000 1.000000
0.995340 -0.008845 -0.096023 -0.000000 0.052170 0.886860 0.459084 10.321800 0.081098 -0.461954 0.883188 3.142400 0.000000 0.000000 0.000000 1.000000
0.999251 -0.033952 -0.018567 0.000000 0.038670 0.893960 0.446475 10.321800 0.001439 -0.446859 0.894603 3.142400 0.000000 0.000000 0.000000 1.000000
0.996408 -0.048372 0.069501 -0.000000 0.013838 0.902761 0.429920 10.321800 -0.083539 -0.427414 0.900188 3.142400 0.000000 0.000000 0.000000 1.000000
0.986905 -0.066872 0.146788 -0.000000 -0.000511 0.908714 0.417419 10.321800 -0.161302 -0.412028 0.896780 3.142400 0.000000 0.000000 0.000000 1.000000
0.975989 -0.091522 0.197660 0.000000 0.002335 0.911790 0.410651 10.321800 -0.217808 -0.400329 0.890110 3.142400 0.000000 0.000000 0.000000 1.000000
0.969340 -0.107079 0.221166 0.000000 0.008205 0.913661 0.406394 10.321800 -0.245587 -0.392119 0.886527 3.142400 0.000000 0.000000 0.000000 1.000000
0.969612 -0.100593 0.223012 0.000000 0.002900 0.916219 0.400668 10.321800 -0.244632 -0.387845 0.888668 3.142400 0.000000 0.000000 0.000000 1.000000
0.976234 -0.073289 0.203951 -0.000000 -0.013026 0.919538 0.392786 10.321800 -0.216327 -0.386108 0.896729 3.142400 0.000000 0.000000 0.000000 1.000000
0.986513 -0.034026 0.160108 0.000000 -0.030909 0.921832 0.386356 10.321800 -0.160739 -0.386094 0.908347 3.142400 0.000000 0.000000 0.000000 1.000000
0.995316 0.008405 0.096308 0.000000 -0.045264 0.920789 0.387426 10.321800 -0.085423 -0.389970 0.916857 3.142400 0.000000 0.000000 0.000000 1.000000
0.998423 0.046783 0.031018 0.000000 -0.055297 0.914690 0.400355 10.321800 -0.009642 -0.401439 0.915835 3.142400 0.000000 0.000000 0.000000 1.000000
0.996878 0.076386 -0.019967 -0.000000 -0.060844 0.904424 0.422274 10.321800 0.050314 -0.419741 0.906248 3.142400 0.000000 0.000000 0.000000 1.000000
0.993772 0.096051 -0.056498 0.000000 -0.061389 0.895015 0.441792 10.321800 0.093002 -0.435572 0.895337 3.142400 0.000000 0.000000 0.000000 1.000000</float_array><technique_common><accessor source="#mixamorig_Head-Matrix-animation-output-transform-array" count="22" stride="16"><param type="float4x4"/></accessor></technique_common></source><source id="mixamorig_Head-Interpolations"><Name_array id="mixamorig_Head-Interpolations-array" count="22">
 LINEAR LINEAR LINEAR LINEAR LINEAR LINEAR LINEAR LINEAR LINEAR LINEAR LINEAR
LINEAR LINEAR LINEAR LINEAR LINEAR LINEAR LINEAR LINEAR LINEAR LINEAR LINEAR</Name_array><technique_common><accessor source="#mixamorig_Head-Interpolations-array" count="22"><param type="name"/></accessor></technique_common></source><sampler id="mixamorig_Head-Matrix-animation-transform"><input semantic="INPUT" source="#mixamorig_Head-Matrix-animation-input"/><input semantic="OUTPUT" source="#mixamorig_Head-Matrix-animation-output-transform"/><input semantic="INTERPOLATION" source="#mixamorig_Head-Interpolations"/></sampler><channel source="#mixamorig_Head-Matrix-animation-transform" target="mixamorig_Head/matrix"/></animation>
    <animation id="mixamorig_LeftShoulder-anim" name="mixamorig_LeftShoulder"><source id="mixamorig_LeftShoulder-Matrix-animation-input"><float_array id="mixamorig_LeftShoulder-Matrix-animation-input-array" count="22">

0.000000 0.033333 0.066667 0.100000 0.133333 0.166667 0.200000 0.233333 0.266667 0.300000 0.333333 0.366667 0.400000 0.433333 0.466667 0.500000
0.533333 0.566667 0.600000 0.633333 0.666667 0.700000</float_array><technique_common><accessor source="#mixamorig_LeftShoulder-Matrix-animation-input-array" count="22"><param name="TIME" type="float"/></accessor></technique_common></source><source id="mixamorig_LeftShoulder-Matrix-animation-output-transform"><float_array id="mixamorig_LeftShoulder-Matrix-animation-output-transform-array" count="352">

0.947871 0.275332 0.160415 6.105800 -0.265388 0.960745 -0.080857 9.110400 -0.176380 0.034069 0.983732 0.705600 0.000000 0.000000 0.000000 1.000000
0.970581 0.213913 0.110514 6.105800 -0.208504 0.976269 -0.058514 9.110400 -0.120408 0.033750 0.992151 0.705600 0.000000 0.000000 0.000000 1.000000
0.984914 0.169894 0.032871 6.105800 -0.168581 0.984904 -0.039314 9.110400 -0.039054 0.033180 0.998686 0.705600 0.000000 0.000000 0.000000 1.000000
0.987819 0.155248 -0.010547 6.105800 -0.155479 0.987481 -0.026618 9.110400 0.006283 0.027934 0.999590 0.705600 0.000000 0.000000 0.000000 1.000000
0.984627 0.172517 -0.027351 6.105800 -0.173067 0.984724 -0.019156 9.110400 0.023628 0.023595 0.999442 0.705600 0.000000 0.000000 0.000000 1.000000
0.977246 0.205670 -0.051877 6.105800 -0.206621 0.978326 -0.013646 9.110400 0.047946 0.024054 0.998560 0.705600 0.000000 0.000000 0.000000 1.000000
0.967202 0.234804 -0.096889 6.105800 -0.236697 0.971547 -0.008369 9.110400 0.092168 0.031028 0.995260 0.705600 0.000000 0.000000 0.000000 1.000000
0.958497 0.234994 -0.161433 6.105800 -0.238876 0.971038 -0.004793 9.110400 0.155631 0.043157 0.986872 0.705600 0.000000 0.000000 0.000000 1.000000
0.952978 0.187901 -0.237752 6.105800 -0.195111 0.980757 -0.006946 9.110400 0.231872 0.053007 0.971301 0.705600 0.000000 0.000000 0.000000 1.000000
0.945664 0.111952 -0.305265 6.105800 -0.122497 0.992347 -0.015547 9.110400 0.301189 0.052096 0.952140 0.705600 0.000000 0.000000 0.000000 1.000000
0.937459 0.049432 -0.344567 6.105800 -0.061635 0.997797 -0.024546 9.110400 0.342594 0.044248 0.938441 0.705600 0.000000 0.000000 0.000000 1.000000
0.935302 0.019418 -0.353317 6.105800 -0.031436 0.999105 -0.028309 9.110400 0.352451 0.037585 0.935075 0.705600 0.000000 0.000000 0.000000 1.000000
0.939175 0.008321 -0.343339 6.105800 -0.019132 0.999422 -0.028114 9.110400 0.342906 0.032972 0.938791 0.705600 0.000000 0.000000 0.000000 1.000000
0.944082 -0.004144 -0.329686 6.105800 -0.005618 0.999574 -0.028654 9.110400 0.329664 0.028904 0.943656 0.705600 0.000000 0.000000 0.000000 1.000000
0.947463 -0.020216 -0.319225 6.105800 0.010846 0.999457 -0.031102 9.110400 0.319681 0.026006 0.947168 0.705600 0.000000 0.000000 0.000000 1.000000
0.953625 -0.017134 -0.300511 6.105800 0.007808 0.999451 -0.032208 9.110400 0.300897 0.028367 0.953235 0.705600 0.000000 0.000000 0.000000 1.000000
0.966652 0.027881 -0.254573 6.105800 -0.036693 0.998878 -0.029931 9.110400 0.253453 0.038274 0.966590 0.705600 0.000000 0.000000 0.000000 1.000000
0.977100 0.097086 -0.189341 6.105800 -0.104127 0.994182 -0.027574 9.110400 0.185562 0.046658 0.981524 0.705600 0.000000 0.000000 0.000000 1.000000
0.979980 0.143371 -0.138142 6.105800 -0.148794 0.988422 -0.029707 9.110400 0.132284 0.049667 0.989967 0.705600 0.000000 0.000000 0.000000 1.000000
0.982482 0.160807 -0.094180 6.105800 -0.164974 0.985557 -0.038218 9.110400 0.086674 0.053086 0.994821 0.705600 0.000000 0.000000 0.000000 1.000000
0.980541 0.196283 -0.003576 6.105800 -0.196183 0.979046 -0.054593 9.110400 -0.007215 0.054233 0.998502 0.705600 0.000000 0.000000 0.000000 1.000000
0.947871 0.275332 0.160415 6.105800 -0.265388 0.960745 -0.080857 9.110400 -0.176380 0.034069 0.983732 0.705600 0.000000 0.000000 0.000000 1.000000</float_array><technique_common><accessor source="#mixamorig_LeftShoulder-Matrix-animation-output-transform-array" count="22" stride="16"><param type="float4x4"/></accessor></technique_common></source><source id="mixamorig_LeftShoulder-Interpolations"><Name_array id="mixamorig_LeftShoulder-Interpolations-array" count="22">
 LINEAR LINEAR LINEAR LINEAR LINEAR LINEAR LINEAR LINEAR LINEAR LINEAR LINEAR
LINEAR LINEAR LINEAR LINEAR LINEAR LINEAR LINEAR LINEAR LINEAR LINEAR LINEAR</Name_array><technique_common><accessor source="#mixamorig_LeftShoulder-Interpolations-array" count="22"><param type="name"/></accessor></technique_common></source><sampler id="mixamorig_LeftShoulder-Matrix-animation-transform"><input semantic="INPUT" source="#mixamorig_LeftShoulder-Matrix-animation-input"/><input semantic="OUTPUT" source="#mixamorig_LeftShoulder-Matrix-animation-output-transform"/><input semantic="INTERPOLATION" source="#mixamorig_LeftShoulder-Interpolations"/></sampler><channel source="#mixamorig_LeftShoulder-Matrix-animation-transform" target="mixamorig_LeftShoulder/matrix"/></animation>
    <animation id="mixamorig_LeftArm-anim" name="mixamorig_LeftArm"><source id="mixamorig_LeftArm-Matrix-animation-input"><float_array id="mixamorig_LeftArm-Matrix-animation-input-array" count="22">

0.000000 0.033333 0.066667 0.100000 0.133333 0.166667 0.200000 0.233333 0.266667 0.300000 0.333333 0.366667 0.400000 0.433333 0.466667 0.500000
0.533333 0.566667 0.600000 0.633333 0.666667 0.700000</float_array><technique_common><accessor source="#mixamorig_LeftArm-Matrix-animation-input-array" count="22"><param name="TIME" type="float"/></accessor></technique_common></source><source id="mixamorig_LeftArm-Matrix-animation-output-transform"><float_array id="mixamorig_LeftArm-Matrix-animation-output-transform-array" count="352">

0.497498 0.827287 -0.260945 12.655000 -0.834618 0.538484 0.115963 -0.265900 0.236450 0.160098 0.958363 -2.600900 0.000000 0.000000 0.000000 1.000000
0.457831 0.877763 -0.141153 12.655000 -0.888264 0.445001 -0.113845 -0.265900 -0.037115 0.177502 0.983420 -2.600900 0.000000 0.000000 0.000000 1.000000
0.432070 0.901756 0.012318 12.655000 -0.853219 0.413162 -0.318299 -0.265900 -0.292118 0.127018 0.947910 -2.600900 0.000000 0.000000 0.000000 1.000000
0.431772 0.898065 0.083973 12.655000 -0.787744 0.420797 -0.449877 -0.265900 -0.439355 0.128095 0.889134 -2.600900 0.000000 0.000000 0.000000 1.000000
0.468527 0.882053 0.049641 12.655000 -0.760044 0.431088 -0.486310 -0.265900 -0.450351 0.190120 0.872375 -2.600900 0.000000 0.000000 0.000000 1.000000
0.518272 0.853680 -0.051233 12.655000 -0.783483 0.449932 -0.428620 -0.265900 -0.342853 0.262282 0.902031 -2.600900 0.000000 0.000000 0.000000 1.000000
0.563764 0.806857 -0.176498 12.655000 -0.814401 0.507459 -0.281490 -0.265900 -0.137557 0.302434 0.943192 -2.600900 0.000000 0.000000 0.000000 1.000000
0.597527 0.748829 -0.286735 12.655000 -0.790474 0.610120 -0.053895 -0.265900 0.134585 0.258860 0.956493 -2.600900 0.000000 0.000000 0.000000 1.000000
0.606921 0.714070 -0.348929 12.655000 -0.686461 0.692246 0.222638 -0.265900 0.400523 0.104403 0.910319 -2.600900 0.000000 0.000000 0.000000 1.000000
0.599954 0.720239 -0.348296 12.655000 -0.546023 0.686820 0.479726 -0.265900 0.584734 -0.097637 0.805328 -2.600900 0.000000 0.000000 0.000000 1.000000
0.616362 0.730337 -0.294460 12.655000 -0.425365 0.623474 0.656007 -0.265900 0.662694 -0.279085 0.694945 -2.600900 0.000000 0.000000 0.000000 1.000000
0.683472 0.696181 -0.219540 12.655000 -0.338614 0.568799 0.749539 -0.265900 0.646689 -0.437949 0.624495 -2.600900 0.000000 0.000000 0.000000 1.000000
0.773801 0.614381 -0.154167 12.655000 -0.275448 0.545540 0.791527 -0.265900 0.570403 -0.570020 0.591369 -2.600900 0.000000 0.000000 0.000000 1.000000
0.840499 0.530465 -0.110315 12.655000 -0.239720 0.546671 0.802300 -0.265900 0.485898 -0.647887 0.586639 -2.600900 0.000000 0.000000 0.000000 1.000000
0.867456 0.489515 -0.088862 12.655000 -0.245346 0.576284 0.779553 -0.265900 0.432812 -0.654425 0.620001 -2.600900 0.000000 0.000000 0.000000 1.000000
0.862071 0.496606 -0.101073 12.655000 -0.287730 0.643788 0.709048 -0.265900 0.417187 -0.582168 0.697879 -2.600900 0.000000 0.000000 0.000000 1.000000
0.832379 0.530605 -0.160013 12.655000 -0.353003 0.730184 0.584996 -0.265900 0.427240 -0.430454 0.795095 -2.600900 0.000000 0.000000 0.000000 1.000000
0.777362 0.579893 -0.243787 12.655000 -0.443164 0.779894 0.442008 -0.265900 0.446445 -0.235563 0.863248 -2.600900 0.000000 0.000000 0.000000 1.000000
0.692635 0.655299 -0.301397 12.655000 -0.562209 0.752256 0.343557 -0.265900 0.451860 -0.068512 0.889454 -2.600900 0.000000 0.000000 0.000000 1.000000
0.589238 0.746915 -0.308086 12.655000 -0.687462 0.663818 0.294520 -0.265900 0.424494 0.038255 0.904622 -2.600900 0.000000 0.000000 0.000000 1.000000
0.511578 0.810851 -0.284267 12.655000 -0.783594 0.576001 0.232815 -0.265900 0.352517 0.103647 0.930048 -2.600900 0.000000 0.000000 0.000000 1.000000
0.497498 0.827287 -0.260945 12.655000 -0.834618 0.538484 0.115963 -0.265900 0.236450 0.160098 0.958363 -2.600900 0.000000 0.000000 0.000000 1.000000</float_array><technique_common><accessor source="#mixamorig_LeftArm-Matrix-animation-output-transform-array" count="22" stride="16"><param type="float4x4"/></accessor></technique_common></source><source id="mixamorig_LeftArm-Interpolations"><Name_array id="mixamorig_LeftArm-Interpolations-array" count="22">
