<?xml version="1.0" encoding="utf-8"?>
<COLLADA xmlns="http://www.collada.org/2005/11/COLLADASchema" version="1.4.1">
  <asset><contributor><author>Mixamo</author><authoring_tool>COLLADA Mixamo exporter</authoring_tool><comments></comments></contributor><created>2019-03-09T03:57:39Z</created><modified>2019-03-09T03:57:39Z</modified><revision></revision><title></title><unit meter="0.010000"/><up_axis>Y_UP</up_axis></asset>
  <library_animations>
    <animation id="mixamorig_Hips-anim" name="mixamorig_Hips"><source id="mixamorig_Hips-Matrix-animation-input"><float_array id="mixamorig_Hips-Matrix-animation-input-array" count="41">

0.000000 0.033333 0.066667 0.100000 0.133333 0.166667 0.200000 0.233333 0.266667 0.300000 0.333333 0.366667 0.400000 0.433333 0.466667 0.500000
0.533333 0.566667 0.600000 0.633333 0.666667 0.700000 0.733333 0.766667 0.800000 0.833333 0.866667 0.900000 0.933333 0.966667 1.000000 1.033333
1.066667 1.100000 1.133333 1.166667 1.200000 1.233333 1.266667 1.300000 1.333333</float_array><technique_common><accessor source="#mixamorig_Hips-Matrix-animation-input-array" count="41"><param name="TIME" type="float"/></accessor></technique_common></source><source id="mixamorig_Hips-Matrix-animation-output-transform"><float_array id="mixamorig_Hips-Matrix-animation-output-transform-array" count="656">

0.585780 0.041708 -0.809397 -0.444934 -0.107522 0.993847 -0.026603 92.660019 0.803307 0.102611 0.586660 0.685335 0.000000 0.000000 0.000000 1.000000
0.585442 0.042103 -0.809620 -0.437467 -0.107954 0.993806 -0.026381 92.585632 0.803495 0.102846 0.586361 0.666207 0.000000 0.000000 0.000000 1.000000
0.585457 0.042409 -0.809594 -0.426867 -0.108092 0.993798 -0.026108 92.524673 0.803465 0.102796 0.586410 0.642830 0.000000 0.000000 0.000000 1.000000
0.585792 0.042666 -0.809338 -0.414494 -0.108224 0.993788 -0.025942 92.477394 0.803203 0.102786 0.586770 0.618618 0.000000 0.000000 0.000000 1.000000
0.585997 0.042781 -0.809183 -0.400869 -0.108349 0.993775 -0.025924 92.435547 0.803037 0.102865 0.586985 0.594772 0.000000 0.000000 0.000000 1.000000
0.585652 0.042677 -0.809438 -0.384406 -0.108253 0.993785 -0.025928 92.394051 0.803301 0.102809 0.586632 0.569275 0.000000 0.000000 0.000000 1.000000
0.584970 0.042579 -0.809937 -0.367706 -0.108086 0.993806 -0.025818 92.354561 0.803821 0.102646 0.585949 0.542454 0.000000 0.000000 0.000000 1.000000
0.584452 0.042710 -0.810303 -0.357521 -0.108080 0.993813 -0.025573 92.318474 0.804198 0.102524 0.585452 0.517268 0.000000 0.000000 0.000000 1.000000
0.584116 0.043019 -0.810530 -0.356592 -0.108207 0.993808 -0.025234 92.283081 0.804425 0.102445 0.585154 0.493935 0.000000 0.000000 0.000000 1.000000
0.583709 0.043448 -0.810800 -0.361319 -0.108426 0.993795 -0.024804 92.246460 0.804691 0.102390 0.584798 0.469775 0.000000 0.000000 0.000000 1.000000
0.583381 0.043928 -0.811010 -0.365691 -0.108804 0.993763 -0.024439 92.210426 0.804878 0.102498 0.584522 0.442394 0.000000 0.000000 0.000000 1.000000
0.583388 0.044180 -0.810991 -0.368818 -0.109277 0.993710 -0.024474 92.180130 0.804809 0.102901 0.584546 0.409962 0.000000 0.000000 0.000000 1.000000
0.583540 0.044210 -0.810880 -0.377353 -0.109660 0.993661 -0.024740 92.161621 0.804647 0.103358 0.584689 0.372979 0.000000 0.000000 0.000000 1.000000
0.583497 0.044360 -0.810903 -0.392763 -0.110008 0.993621 -0.024802 92.156006 0.804630 0.103678 0.584655 0.336471 0.000000 0.000000 0.000000 1.000000
0.583193 0.044706 -0.811102 -0.406900 -0.110551 0.993563 -0.024726 92.157326 0.804776 0.104088 0.584381 0.305790 0.000000 0.000000 0.000000 1.000000
0.582778 0.045123 -0.811377 -0.417513 -0.111320 0.993477 -0.024706 92.158257 0.804970 0.104721 0.584000 0.280949 0.000000 0.000000 0.000000 1.000000
0.582463 0.045433 -0.811587 -0.430749 -0.112070 0.993390 -0.024820 92.156601 0.805095 0.105411 0.583705 0.259067 0.000000 0.000000 0.000000 1.000000
0.582404 0.045535 -0.811623 -0.448172 -0.112580 0.993327 -0.025056 92.158066 0.805066 0.105966 0.583644 0.241235 0.000000 0.000000 0.000000 1.000000
0.582689 0.045565 -0.811417 -0.466227 -0.112880 0.993287 -0.025283 92.173126 0.804818 0.106325 0.583921 0.230370 0.000000 0.000000 0.000000 1.000000
0.583282 0.045554 -0.810991 -0.482516 -0.112985 0.993270 -0.025469 92.207077 0.804373 0.106486 0.584503 0.229166 0.000000 0.000000 0.000000 1.000000
0.583934 0.045396 -0.810531 -0.497742 -0.112813 0.993285 -0.025643 92.255272 0.803924 0.106412 0.585135 0.239597 0.000000 0.000000 0.000000 1.000000
0.584429 0.045100 -0.810190 -0.513371 -0.112350 0.993335 -0.025748 92.309006 0.803629 0.106073 0.585601 0.258418 0.000000 0.000000 0.000000 1.000000
0.584909 0.044913 -0.809854 -0.529914 -0.111731 0.993409 -0.025604 92.362335 0.803366 0.105462 0.586072 0.281000 0.000000 0.000000 0.000000 1.000000
0.585638 0.044961 -0.809325 -0.547180 -0.111124 0.993487 -0.025218 92.414978 0.802920 0.104704 0.586819 0.307195 0.000000 0.000000 0.000000 1.000000
0.586603 0.045068 -0.808620 -0.564209 -0.110625 0.993551 -0.024877 92.470230 0.802284 0.104046 0.587805 0.338859 0.000000 0.000000 0.000000 1.000000
0.587617 0.045079 -0.807882 -0.580774 -0.110225 0.993599 -0.024731 92.523888 0.801596 0.103581 0.588825 0.374923 0.000000 0.000000 0.000000 1.000000
0.588498 0.044983 -0.807246 -0.600042 -0.109760 0.993653 -0.024647 92.571747 0.801014 0.103108 0.589700 0.412939 0.000000 0.000000 0.000000 1.000000
0.589097 0.044761 -0.806821 -0.623221 -0.109134 0.993724 -0.024554 92.624619 0.800659 0.102516 0.590285 0.453191 0.000000 0.000000 0.000000 1.000000
0.589264 0.044492 -0.806714 -0.643613 -0.108638 0.993778 -0.024545 92.685646 0.800603 0.102103 0.590432 0.497041 0.000000 0.000000 0.000000 1.000000
0.589018 0.044241 -0.806908 -0.656219 -0.108305 0.993814 -0.024570 92.744682 0.800829 0.101864 0.590166 0.538096 0.000000 0.000000 0.000000 1.000000
0.588571 0.043931 -0.807251 -0.662483 -0.107882 0.993860 -0.024571 92.799767 0.801215 0.101549 0.589696 0.571467 0.000000 0.000000 0.000000 1.000000
0.588126 0.043362 -0.807606 -0.665860 -0.107267 0.993922 -0.024750 92.857216 0.801624 0.101186 0.589203 0.595710 0.000000 0.000000 0.000000 1.000000
0.587871 0.042755 -0.807824 -0.665263 -0.106866 0.993955 -0.025162 92.909843 0.801865 0.101121 0.588886 0.614958 0.000000 0.000000 0.000000 1.000000
0.587849 0.042383 -0.807860 -0.656985 -0.106907 0.993938 -0.025647 92.945679 0.801876 0.101443 0.588816 0.634341 0.000000 0.000000 0.000000 1.000000
0.587733 0.041976 -0.807965 -0.640139 -0.106963 0.993919 -0.026171 92.965004 0.801953 0.101804 0.588649 0.650460 0.000000 0.000000 0.000000 1.000000
0.587338 0.041395 -0.808282 -0.618456 -0.106850 0.993916 -0.026740 92.965652 0.802257 0.102070 0.588188 0.659073 0.000000 0.000000 0.000000 1.000000
0.586963 0.041019 -0.808574 -0.592515 -0.106931 0.993894 -0.027203 92.935905 0.802521 0.102429 0.587766 0.667017 0.000000 0.000000 0.000000 1.000000
0.586753 0.041091 -0.808723 -0.557985 -0.107217 0.993861 -0.027291 92.876282 0.802637 0.102722 0.587557 0.680176 0.000000 0.000000 0.000000 1.000000
0.586542 0.041380 -0.808861 -0.516841 -0.107309 0.993860 -0.026970 92.805809 0.802779 0.102617 0.587381 0.691383 0.000000 0.000000 0.000000 1.000000
0.586225 0.041598 -0.809079 -0.478510 -0.107279 0.993872 -0.026631 92.735245 0.803014 0.102409 0.587096 0.693318 0.000000 0.000000 0.000000 1.000000
0.585780 0.041708 -0.809396 -0.444935 -0.107521 0.993847 -0.026603 92.660004 0.803306 0.102611 0.586660 0.685332 0.000000 0.000000 0.000000 1.000000</float_array><technique_common><accessor source="#mixamorig_Hips-Matrix-animation-output-transform-array" count="41" stride="16"><param type="float4x4"/></accessor></technique_common></source><source id="mixamorig_Hips-Interpolations"><Name_array id="mixamorig_Hips-Interpolations-array" count="41">
 LINEAR LINEAR LINEAR LINEAR LINEAR LINEAR LINEAR LINEAR LINEAR LINEAR LINEAR
LINEAR LINEAR LINEAR LINEAR LINEAR LINEAR LINEAR LINEAR LINEAR LINEAR LINEAR LINEAR
LINEAR LINEAR LINEAR LINEAR LINEAR LINEAR LINEAR LINEAR LINEAR LINEAR LINEAR LINEAR
LINEAR LINEAR LINEAR LINEAR LINEAR LINEAR</Name_array><technique_common><accessor source="#mixamorig_Hips-Interpolations-array" count="41"><param type="name"/></accessor></technique_common></source><sampler id="mixamorig_Hips-Matrix-animation-transform"><input semantic="INPUT" source="#mixamorig_Hips-Matrix-animation-input"/><input semantic="OUTPUT" source="#mixamorig_Hips-Matrix-animation-output-transform"/><input semantic="INTERPOLATION" source="#mixamorig_Hips-Interpolations"/></sampler><channel source="#mixamorig_Hips-Matrix-animation-transform" target="mixamorig_Hips/matrix"/></animation>
    <animation id="mixamorig_Spine-anim" name="mixamorig_Spine"><source id="mixamorig_Spine-Matrix-animation-input"><float_array id="mixamorig_Spine-Matrix-animation-input-array" count="41">

0.000000 0.033333 0.066667 0.100000 0.133333 0.166667 0.200000 0.233333 0.266667 0.300000 0.333333 0.366667 0.400000 0.433333 0.466667 0.500000
0.533333 0.566667 0.600000 0.633333 0.666667 0.700000 0.733333 0.766667 0.800000 0.833333 0.866667 0.900000 0.933333 0.966667 1.000000 1.033333
1.066667 1.100000 1.133333 1.166667 1.200000 1.233333 1.266667 1.300000 1.333333</float_array><technique_common><accessor source="#mixamorig_Spine-Matrix-animation-input-array" count="41"><param name="TIME" type="float"/></accessor></technique_common></source><source id="mixamorig_Spine-Matrix-animation-output-transform"><float_array id="mixamorig_Spine-Matrix-animation-output-transform-array" count="656">

0.992163 -0.042015 0.117673 0.012400 0.047517 0.997886 -0.044344 10.445200 -0.115561 0.049588 0.992062 -0.996300 0.000000 0.000000 0.000000 1.000000
0.992144 -0.042527 0.117651 0.012400 0.048064 0.997847 -0.044632 10.445200 -0.115500 0.049937 0.992051 -0.996300 0.000000 0.000000 0.000000 1.000000
0.992159 -0.042772 0.117432 0.012400 0.048356 0.997811 -0.045116 10.445200 -0.115245 0.050441 0.992056 -0.996300 0.000000 0.000000 0.000000 1.000000
0.992186 -0.042994 0.117129 0.012400 0.048608 0.997781 -0.045503 10.445200 -0.114913 0.050841 0.992074 -0.996300 0.000000 0.000000 0.000000 1.000000
0.992206 -0.043189 0.116882 0.012400 0.048826 0.997757 -0.045799 10.445200 -0.114642 0.051149 0.992089 -0.996300 0.000000 0.000000 0.000000 1.000000
0.992205 -0.043163 0.116899 0.012400 0.048842 0.997739 -0.046162 10.445200 -0.114642 0.051511 0.992070 -0.996300 0.000000 0.000000 0.000000 1.000000
0.992190 -0.043065 0.117070 0.012400 0.048800 0.997722 -0.046566 10.445200 -0.114798 0.051916 0.992031 -0.996300 0.000000 0.000000 0.000000 1.000000
0.992196 -0.043085 0.117009 0.012400 0.048854 0.997705 -0.046888 10.445200 -0.114721 0.052238 0.992023 -0.996300 0.000000 0.000000 0.000000 1.000000
0.992240 -0.043070 0.116638 0.012400 0.048843 0.997696 -0.047095 10.445200 -0.114341 0.052426 0.992057 -0.996300 0.000000 0.000000 0.000000 1.000000
0.992306 -0.042931 0.116127 0.012400 0.048701 0.997692 -0.047314 10.445200 -0.113828 0.052606 0.992107 -0.996300 0.000000 0.000000 0.000000 1.000000
0.992365 -0.042859 0.115646 0.012400 0.048633 0.997683 -0.047573 10.445200 -0.113339 0.052834 0.992151 -0.996300 0.000000 0.000000 0.000000 1.000000
0.992407 -0.042818 0.115306 0.012400 0.048585 0.997681 -0.047674 10.445200 -0.112997 0.052914 0.992185 -0.996300 0.000000 0.000000 0.000000 1.000000
0.992457 -0.042513 0.114990 0.012400 0.048259 0.997697 -0.047657 10.445200 -0.112699 0.052847 0.992223 -0.996300 0.000000 0.000000 0.000000 1.000000
0.992523 -0.042051 0.114589 0.012400 0.047778 0.997718 -0.047705 10.445200 -0.112322 0.052823 0.992267 -0.996300 0.000000 0.000000 0.000000 1.000000
0.992554 -0.041855 0.114388 0.012400 0.047570 0.997729 -0.047695 10.445200 -0.112132 0.052782 0.992291 -0.996300 0.000000 0.000000 0.000000 1.000000
0.992524 -0.042003 0.114590 0.012400 0.047709 0.997731 -0.047512 10.445200 -0.112335 0.052624 0.992276 -0.996300 0.000000 0.000000 0.000000 1.000000
0.992485 -0.042155 0.114876 0.012400 0.047840 0.997740 -0.047192 10.445200 -0.112627 0.052333 0.992258 -0.996300 0.000000 0.000000 0.000000 1.000000
0.992478 -0.042113 0.114954 0.012400 0.047758 0.997762 -0.046796 10.445200 -0.112726 0.051934 0.992268 -0.996300 0.000000 0.000000 0.000000 1.000000
0.992481 -0.042046 0.114949 0.012400 0.047644 0.997786 -0.046391 10.445200 -0.112744 0.051519 0.992288 -0.996300 0.000000 0.000000 0.000000 1.000000
0.992464 -0.042047 0.115099 0.012400 0.047604 0.997808 -0.045958 10.445200 -0.112915 0.051091 0.992290 -0.996300 0.000000 0.000000 0.000000 1.000000
0.992421 -0.041999 0.115486 0.012400 0.047517 0.997836 -0.045443 10.445200 -0.113328 0.050586 0.992269 -0.996300 0.000000 0.000000 0.000000 1.000000
0.992367 -0.041830 0.116012 0.012400 0.047312 0.997870 -0.044911 10.445200 -0.113886 0.050057 0.992232 -0.996300 0.000000 0.000000 0.000000 1.000000
0.992313 -0.041648 0.116537 0.012400 0.047111 0.997897 -0.044523 10.445200 -0.114438 0.049671 0.992188 -0.996300 0.000000 0.000000 0.000000 1.000000
0.992268 -0.041586 0.116936 0.012400 0.047041 0.997911 -0.044280 10.445200 -0.114851 0.049438 0.992152 -0.996300 0.000000 0.000000 0.000000 1.000000
0.992239 -0.041687 0.117147 0.012400 0.047121 0.997920 -0.044003 10.445200 -0.115069 0.049182 0.992139 -0.996300 0.000000 0.000000 0.000000 1.000000
0.992233 -0.041854 0.117136 0.012400 0.047242 0.997931 -0.043605 10.445200 -0.115069 0.048800 0.992158 -0.996300 0.000000 0.000000 0.000000 1.000000
0.992260 -0.041770 0.116943 0.012400 0.047094 0.997959 -0.043136 10.445200 -0.114903 0.048309 0.992201 -0.996300 0.000000 0.000000 0.000000 1.000000
0.992292 -0.041332 0.116827 0.012400 0.046589 0.998004 -0.042632 10.445200 -0.114832 0.047746 0.992237 -0.996300 0.000000 0.000000 0.000000 1.000000
0.992279 -0.041090 0.117018 0.012400 0.046293 0.998041 -0.042096 10.445200 -0.115059 0.047188 0.992237 -0.996300 0.000000 0.000000 0.000000 1.000000
0.992247 -0.041082 0.117295 0.012400 0.046249 0.998061 -0.041668 10.445200 -0.115355 0.046770 0.992223 -0.996300 0.000000 0.000000 0.000000 1.000000
0.992239 -0.040876 0.117433 0.012400 0.046016 0.998082 -0.041401 10.445200 -0.115515 0.046484 0.992217 -0.996300 0.000000 0.000000 0.000000 1.000000
0.992254 -0.040291 0.117506 0.012400 0.045405 0.998120 -0.041174 10.445200 -0.115626 0.046190 0.992218 -0.996300 0.000000 0.000000 0.000000 1.000000
0.992265 -0.039874 0.117558 0.012400 0.044959 0.998150 -0.040925 10.445200 -0.115709 0.045894 0.992222 -0.996300 0.000000 0.000000 0.000000 1.000000
0.992266 -0.039955 0.117520 0.012400 0.045016 0.998156 -0.040729 10.445200 -0.115676 0.045705 0.992235 -0.996300 0.000000 0.000000 0.000000 1.000000
0.992270 -0.040015 0.117467 0.012400 0.045069 0.998155 -0.040682 10.445200 -0.115623 0.045662 0.992243 -0.996300 0.000000 0.000000 0.000000 1.000000
0.992273 -0.039852 0.117499 0.012400 0.044920 0.998157 -0.040805 10.445200 -0.115656 0.045767 0.992234 -0.996300 0.000000 0.000000 0.000000 1.000000
0.992258 -0.040042 0.117561 0.012400 0.045152 0.998133 -0.041135 10.445200 -0.115694 0.046125 0.992213 -0.996300 0.000000 0.000000 0.000000 1.000000
0.992226 -0.040756 0.117587 0.012400 0.045953 0.998067 -0.041833 10.445200 -0.115655 0.046912 0.992181 -0.996300 0.000000 0.000000 0.000000 1.000000
0.992193 -0.041396 0.117639 0.012400 0.046718 0.997989 -0.042852 10.445200 -0.115629 0.048013 0.992131 -0.996300 0.000000 0.000000 0.000000 1.000000
0.992172 -0.041714 0.117709 0.012400 0.047147 0.997929 -0.043751 10.445200 -0.115640 0.048958 0.992084 -0.996300 0.000000 0.000000 0.000000 1.000000
0.992163 -0.042015 0.117672 0.012400 0.047517 0.997886 -0.044344 10.445200 -0.115560 0.049588 0.992062 -0.996300 0.000000 0.000000 0.000000 1.000000</float_array><technique_common><accessor source="#mixamorig_Spine-Matrix-animation-output-transform-array" count="41" stride="16"><param type="float4x4"/></accessor></technique_common></source><source id="mixamorig_Spine-Interpolations"><Name_array id="mixamorig_Spine-Interpolations-array" count="41">
 LINEAR LINEAR LINEAR LINEAR LINEAR LINEAR LINEAR LINEAR LINEAR LINEAR LINEAR
LINEAR LINEAR LINEAR LINEAR LINEAR LINEAR LINEAR LINEAR LINEAR LINEAR LINEAR LINEAR
LINEAR LINEAR LINEAR LINEAR LINEAR LINEAR LINEAR LINEAR LINEAR LINEAR LINEAR LINEAR
LINEAR LINEAR LINEAR LINEAR LINEAR LINEAR</Name_array><technique_common><accessor source="#mixamorig_Spine-Interpolations-array" count="41"><param type="name"/></accessor></technique_common></source><sampler id="mixamorig_Spine-Matrix-animation-transform"><input semantic="INPUT" source="#mixamorig_Spine-Matrix-animation-input"/><input semantic="OUTPUT" source="#mixamorig_Spine-Matrix-animation-output-transform"/><input semantic="INTERPOLATION" source="#mixamorig_Spine-Interpolations"/></sampler><channel source="#mixamorig_Spine-Matrix-animation-transform" target="mixamorig_Spine/matrix"/></animation>
    <animation id="mixamorig_Spine1-anim" name="mixamorig_Spine1"><source id="mixamorig_Spine1-Matrix-animation-input"><float_array id="mixamorig_Spine1-Matrix-animation-input-array" count="41">

0.000000 0.033333 0.066667 0.100000 0.133333 0.166667 0.200000 0.233333 0.266667 0.300000 0.333333 0.366667 0.400000 0.433333 0.466667 0.500000
0.533333 0.566667 0.600000 0.633333 0.666667 0.700000 0.733333 0.766667 0.800000 0.833333 0.866667 0.900000 0.933333 0.966667 1.000000 1.033333
1.066667 1.100000 1.133333 1.166667 1.200000 1.233333 1.266667 1.300000 1.333333</float_array><technique_common><accessor source="#mixamorig_Spine1-Matrix-animation-input-array" count="41"><param name="TIME" type="float"/></accessor></technique_common></source><source id="mixamorig_Spine1-Matrix-animation-output-transform"><float_array id="mixamorig_Spine1-Matrix-animation-output-transform-array" count="656">

0.990537 0.007082 0.137064 0.014600 -0.000681 0.998909 -0.046692 12.186100 -0.137245 0.046157 0.989461 -1.162300 0.000000 0.000000 0.000000 1.000000
0.990543 0.007108 0.137017 0.014600 -0.000694 0.998904 -0.046801 12.186100 -0.137199 0.046263 0.989462 -1.162300 0.000000 0.000000 0.000000 1.000000
0.990568 0.007209 0.136830 0.014600 -0.000771 0.998893 -0.047044 12.186100 -0.137018 0.046495 0.989477 -1.162300 0.000000 0.000000 0.000000 1.000000
0.990602 0.007244 0.136581 0.014600 -0.000795 0.998884 -0.047215 12.186100 -0.136770 0.046663 0.989503 -1.162300 0.000000 0.000000 0.000000 1.000000
0.990629 0.007230 0.136387 0.014600 -0.000774 0.998879 -0.047327 12.186100 -0.136576 0.046778 0.989525 -1.162300 0.000000 0.000000 0.000000 1.000000
0.990623 0.007292 0.136426 0.014600 -0.000808 0.998870 -0.047521 12.186100 -0.136618 0.046965 0.989510 -1.162300 0.000000 0.000000 0.000000 1.000000
0.990599 0.007397 0.136595 0.014600 -0.000871 0.998858 -0.047774 12.186100 -0.136792 0.047206 0.989474 -1.162300 0.000000 0.000000 0.000000 1.000000
0.990602 0.007463 0.136574 0.014600 -0.000913 0.998849 -0.047962 12.186100 -0.136774 0.047387 0.989468 -1.162300 0.000000 0.000000 0.000000 1.000000
0.990637 0.007533 0.136313 0.014600 -0.000983 0.998844 -0.048055 12.186100 -0.136517 0.047471 0.989500 -1.162300 0.000000 0.000000 0.000000 1.000000
0.990687 0.007673 0.135946 0.014600 -0.001128 0.998839 -0.048150 12.186100 -0.136158 0.047549 0.989545 -1.162300 0.000000 0.000000 0.000000 1.000000
0.990737 0.007854 0.135570 0.014600 -0.001314 0.998834 -0.048266 12.186100 -0.135791 0.047641 0.989591 -1.162300 0.000000 0.000000 0.000000 1.000000
0.990775 0.008071 0.135273 0.014600 -0.001550 0.998834 -0.048243 12.186100 -0.135505 0.047588 0.989633 -1.162300 0.000000 0.000000 0.000000 1.000000
0.990808 0.008361 0.135016 0.014600 -0.001874 0.998840 -0.048106 12.186100 -0.135261 0.047410 0.989675 -1.162300 0.000000 0.000000 0.000000 1.000000
0.990846 0.008651 0.134718 0.014600 -0.002192 0.998844 -0.048013 12.186100 -0.134977 0.047278 0.989720 -1.162300 0.000000 0.000000 0.000000 1.000000
0.990866 0.008794 0.134561 0.014600 -0.002359 0.998849 -0.047911 12.186100 -0.134828 0.047156 0.989746 -1.162300 0.000000 0.000000 0.000000 1.000000
0.990846 0.008797 0.134712 0.014600 -0.002379 0.998857 -0.047730 12.186100 -0.134978 0.046973 0.989735 -1.162300 0.000000 0.000000 0.000000 1.000000
0.990816 0.008785 0.134933 0.014600 -0.002391 0.998870 -0.047472 12.186100 -0.135198 0.046714 0.989717 -1.162300 0.000000 0.000000 0.000000 1.000000
0.990808 0.008788 0.134991 0.014600 -0.002434 0.998884 -0.047159 12.186100 -0.135255 0.046397 0.989724 -1.162300 0.000000 0.000000 0.000000 1.000000
0.990810 0.008749 0.134979 0.014600 -0.002437 0.998898 -0.046862 12.186100 -0.135241 0.046103 0.989740 -1.162300 0.000000 0.000000 0.000000 1.000000
0.990795 0.008634 0.135096 0.014600 -0.002353 0.998911 -0.046587 12.186100 -0.135351 0.045840 0.989737 -1.162300 0.000000 0.000000 0.000000 1.000000
0.990752 0.008458 0.135423 0.014600 -0.002200 0.998925 -0.046294 12.186100 -0.135669 0.045568 0.989706 -1.162300 0.000000 0.000000 0.000000 1.000000
0.990691 0.008302 0.135879 0.014600 -0.002057 0.998938 -0.046037 12.186100 -0.136117 0.045329 0.989655 -1.162300 0.000000 0.000000 0.000000 1.000000
0.990629 0.008192 0.136331 0.014600 -0.001939 0.998943 -0.045934 12.186100 -0.136563 0.045239 0.989598 -1.162300 0.000000 0.000000 0.000000 1.000000
0.990583 0.008038 0.136675 0.014600 -0.001766 0.998942 -0.045949 12.186100 -0.136900 0.045275 0.989550 -1.162300 0.000000 0.000000 0.000000 1.000000
0.990563 0.007811 0.136838 0.014600 -0.001535 0.998945 -0.045905 12.186100 -0.137052 0.045262 0.989529 -1.162300 0.000000 0.000000 0.000000 1.000000
0.990571 0.007596 0.136793 0.014600 -0.001345 0.998953 -0.045729 12.186100 -0.136997 0.045113 0.989544 -1.162300 0.000000 0.000000 0.000000 1.000000
0.990593 0.007482 0.136638 0.014600 -0.001272 0.998964 -0.045484 12.186100 -0.136837 0.044882 0.989576 -1.162300 0.000000 0.000000 0.000000 1.000000
0.990597 0.007456 0.136612 0.014600 -0.001283 0.998976 -0.045215 12.186100 -0.136809 0.044614 0.989592 -1.162300 0.000000 0.000000 0.000000 1.000000
0.990571 0.007373 0.136800 0.014600 -0.001231 0.998990 -0.044924 12.186100 -0.136993 0.044332 0.989580 -1.162300 0.000000 0.000000 0.000000 1.000000
0.990544 0.007206 0.137007 0.014600 -0.001083 0.998999 -0.044714 12.186100 -0.137192 0.044143 0.989560 -1.162300 0.000000 0.000000 0.000000 1.000000
0.990529 0.007074 0.137122 0.014600 -0.000958 0.999003 -0.044623 12.186100 -0.137301 0.044069 0.989549 -1.162300 0.000000 0.000000 0.000000 1.000000
0.990516 0.007083 0.137214 0.014600 -0.000972 0.999007 -0.044548 12.186100 -0.137394 0.043992 0.989539 -1.162300 0.000000 0.000000 0.000000 1.000000
0.990511 0.007071 0.137249 0.014600 -0.000973 0.999011 -0.044447 12.186100 -0.137428 0.043892 0.989539 -1.162300 0.000000 0.000000 0.000000 1.000000
0.990525 0.006864 0.137161 0.014600 -0.000778 0.999015 -0.044378 12.186100 -0.137331 0.043850 0.989554 -1.162300 0.000000 0.000000 0.000000 1.000000
0.990538 0.006672 0.137076 0.014600 -0.000585 0.999014 -0.044398 12.186100 -0.137237 0.043898 0.989565 -1.162300 0.000000 0.000000 0.000000 1.000000
0.990537 0.006693 0.137085 0.014600 -0.000591 0.999009 -0.044505 12.186100 -0.137247 0.044003 0.989559 -1.162300 0.000000 0.000000 0.000000 1.000000
0.990535 0.006727 0.137096 0.014600 -0.000598 0.999000 -0.044699 12.186100 -0.137259 0.044194 0.989549 -1.162300 0.000000 0.000000 0.000000 1.000000
0.990541 0.006659 0.137057 0.014600 -0.000474 0.998982 -0.045108 12.186100 -0.137218 0.044617 0.989536 -1.162300 0.000000 0.000000 0.000000 1.000000
0.990540 0.006714 0.137058 0.014600 -0.000441 0.998953 -0.045748 12.186100 -0.137222 0.045255 0.989506 -1.162300 0.000000 0.000000 0.000000 1.000000
0.990533 0.006938 0.137100 0.014600 -0.000585 0.998926 -0.046327 12.186100 -0.137274 0.045808 0.989473 -1.162300 0.000000 0.000000 0.000000 1.000000
0.990537 0.007082 0.137064 0.014600 -0.000681 0.998909 -0.046692 12.186100 -0.137245 0.046157 0.989461 -1.162300 0.000000 0.000000 0.000000 1.000000</float_array><technique_common><accessor source="#mixamorig_Spine1-Matrix-animation-output-transform-array" count="41" stride="16"><param type="float4x4"/></accessor></technique_common></source><source id="mixamorig_Spine1-Interpolations"><Name_array id="mixamorig_Spine1-Interpolations-array" count="41">
 LINEAR LINEAR LINEAR LINEAR LINEAR LINEAR LINEAR LINEAR LINEAR LINEAR LINEAR
LINEAR LINEAR LINEAR LINEAR LINEAR LINEAR LINEAR LINEAR LINEAR LINEAR LINEAR LINEAR
LINEAR LINEAR LINEAR LINEAR LINEAR LINEAR LINEAR LINEAR LINEAR LINEAR LINEAR LINEAR
LINEAR LINEAR LINEAR LINEAR LINEAR LINEAR</Name_array><technique_common><accessor source="#mixamorig_Spine1-Interpolations-array" count="41"><param type="name"/></accessor></technique_common></source><sampler id="mixamorig_Spine1-Matrix-animation-transform"><input semantic="INPUT" source="#mixamorig_Spine1-Matrix-animation-input"/><input semantic="OUTPUT" source="#mixamorig_Spine1-Matrix-animation-output-transform"/><input semantic="INTERPOLATION" source="#mixamorig_Spine1-Interpolations"/></sampler><channel source="#mixamorig_Spine1-Matrix-animation-transform" target="mixamorig_Spine1/matrix"/></animation>
    <animation id="mixamorig_Spine2-anim" name="mixamorig_Spine2"><source id="mixamorig_Spine2-Matrix-animation-input"><float_array id="mixamorig_Spine2-Matrix-animation-input-array" count="41">

0.000000 0.033333 0.066667 0.100000 0.133333 0.166667 0.200000 0.233333 0.266667 0.300000 0.333333 0.366667 0.400000 0.433333 0.466667 0.500000
0.533333 0.566667 0.600000 0.633333 0.666667 0.700000 0.733333 0.766667 0.800000 0.833333 0.866667 0.900000 0.933333 0.966667 1.000000 1.033333
1.066667 1.100000 1.133333 1.166667 1.200000 1.233333 1.266667 1.300000 1.333333</float_array><technique_common><accessor source="#mixamorig_Spine2-Matrix-animation-input-array" count="41"><param name="TIME" type="float"/></accessor></technique_common></source><source id="mixamorig_Spine2-Matrix-animation-output-transform"><float_array id="mixamorig_Spine2-Matrix-animation-output-transform-array" count="656">

0.990540 0.010254 0.136837 0.016600 -0.003677 0.998829 -0.048230 13.927000 -0.137172 0.047271 0.989419 -1.328400 0.000000 0.000000 0.000000 1.000000
0.990545 0.010318 0.136803 0.016600 -0.003730 0.998824 -0.048330 13.927000 -0.137141 0.047363 0.989419 -1.328400 0.000000 0.000000 0.000000 1.000000
0.990566 0.010462 0.136636 0.016600 -0.003850 0.998813 -0.048565 13.927000 -0.136982 0.047581 0.989430 -1.328400 0.000000 0.000000 0.000000 1.000000
0.990597 0.010535 0.136405 0.016600 -0.003913 0.998804 -0.048727 13.927000 -0.136755 0.047736 0.989454 -1.328400 0.000000 0.000000 0.000000 1.000000
0.990622 0.010553 0.136225 0.016600 -0.003924 0.998799 -0.048834 13.927000 -0.136576 0.047841 0.989474 -1.328400 0.000000 0.000000 0.000000 1.000000
0.990614 0.010637 0.136271 0.016600 -0.003981 0.998790 -0.049024 13.927000 -0.136628 0.048022 0.989458 -1.328400 0.000000 0.000000 0.000000 1.000000
0.990589 0.010759 0.136450 0.016600 -0.004061 0.998777 -0.049270 13.927000 -0.136813 0.048252 0.989421 -1.328400 0.000000 0.000000 0.000000 1.000000
0.990588 0.010844 0.136445 0.016600 -0.004123 0.998768 -0.049445 13.927000 -0.136813 0.048417 0.989413 -1.328400 0.000000 0.000000 0.000000 1.000000
0.990620 0.010934 0.136208 0.016600 -0.004215 0.998764 -0.049521 13.927000 -0.136581 0.048482 0.989442 -1.328400 0.000000 0.000000 0.000000 1.000000
0.990666 0.011094 0.135862 0.016600 -0.004382 0.998759 -0.049604 13.927000 -0.136244 0.048546 0.989485 -1.328400 0.000000 0.000000 0.000000 1.000000
0.990713 0.011301 0.135502 0.016600 -0.004593 0.998753 -0.049716 13.927000 -0.135895 0.048632 0.989529 -1.328400 0.000000 0.000000 0.000000 1.000000
0.990749 0.011546 0.135214 0.016600 -0.004857 0.998753 -0.049693 13.927000 -0.135619 0.048576 0.989569 -1.328400 0.000000 0.000000 0.000000 1.000000
0.990780 0.011861 0.134963 0.016600 -0.005206 0.998758 -0.049557 13.927000 -0.135383 0.048397 0.989611 -1.328400 0.000000 0.000000 0.000000 1.000000
0.990816 0.012173 0.134670 0.016600 -0.005547 0.998760 -0.049468 13.927000 -0.135106 0.048267 0.989655 -1.328400 0.000000 0.000000 0.000000 1.000000
0.990835 0.012333 0.134516 0.016600 -0.005729 0.998764 -0.049369 13.927000 -0.134959 0.048146 0.989681 -1.328400 0.000000 0.000000 0.000000 1.000000
0.990814 0.012342 0.134667 0.016600 -0.005756 0.998773 -0.049184 13.927000 -0.135109 0.047957 0.989669 -1.328400 0.000000 0.000000 0.000000 1.000000
0.990785 0.012327 0.134884 0.016600 -0.005767 0.998786 -0.048922 13.927000 -0.135323 0.047693 0.989653 -1.328400 0.000000 0.000000 0.000000 1.000000
0.990778 0.012324 0.134935 0.016600 -0.005804 0.998801 -0.048607 13.927000 -0.135372 0.047375 0.989662 -1.328400 0.000000 0.000000 0.000000 1.000000
0.990781 0.012274 0.134919 0.016600 -0.005795 0.998816 -0.048309 13.927000 -0.135352 0.047081 0.989678 -1.328400 0.000000 0.000000 0.000000 1.000000
0.990768 0.012138 0.135026 0.016600 -0.005690 0.998829 -0.048035 13.927000 -0.135451 0.046823 0.989677 -1.328400 0.000000 0.000000 0.000000 1.000000
0.990728 0.011926 0.135336 0.016600 -0.005502 0.998844 -0.047746 13.927000 -0.135749 0.046558 0.989649 -1.328400 0.000000 0.000000 0.000000 1.000000
0.990671 0.011723 0.135770 0.016600 -0.005311 0.998858 -0.047491 13.927000 -0.136171 0.046327 0.989601 -1.328400 0.000000 0.000000 0.000000 1.000000
0.990613 0.011560 0.136203 0.016600 -0.005141 0.998863 -0.047392 13.927000 -0.136596 0.046247 0.989547 -1.328400 0.000000 0.000000 0.000000 1.000000
0.990571 0.011358 0.136525 0.016600 -0.004917 0.998863 -0.047418 13.927000 -0.136909 0.046300 0.989501 -1.328400 0.000000 0.000000 0.000000 1.000000
0.990557 0.011088 0.136656 0.016600 -0.004642 0.998865 -0.047400 13.927000 -0.137026 0.046318 0.989484 -1.328400 0.000000 0.000000 0.000000 1.000000
0.990571 0.010840 0.136571 0.016600 -0.004415 0.998873 -0.047258 13.927000 -0.136930 0.046210 0.989502 -1.328400 0.000000 0.000000 0.000000 1.000000
0.990597 0.010693 0.136395 0.016600 -0.004307 0.998884 -0.047030 13.927000 -0.136745 0.046000 0.989538 -1.328400 0.000000 0.000000 0.000000 1.000000
0.990602 0.010627 0.136364 0.016600 -0.004279 0.998897 -0.046755 13.927000 -0.136710 0.045732 0.989555 -1.328400 0.000000 0.000000 0.000000 1.000000
0.990579 0.010503 0.136540 0.016600 -0.004187 0.998911 -0.046462 13.927000 -0.136879 0.045453 0.989544 -1.328400 0.000000 0.000000 0.000000 1.000000
0.990555 0.010299 0.136727 0.016600 -0.004000 0.998921 -0.046260 13.927000 -0.137056 0.045277 0.989528 -1.328400 0.000000 0.000000 0.000000 1.000000
0.990543 0.010132 0.136826 0.016600 -0.003839 0.998926 -0.046179 13.927000 -0.137147 0.045217 0.989518 -1.328400 0.000000 0.000000 0.000000 1.000000
0.990533 0.010104 0.136903 0.016600 -0.003816 0.998929 -0.046114 13.927000 -0.137222 0.045155 0.989511 -1.328400 0.000000 0.000000 0.000000 1.000000
0.990531 0.010060 0.136923 0.016600 -0.003784 0.998933 -0.046024 13.927000 -0.137240 0.045070 0.989512 -1.328400 0.000000 0.000000 0.000000 1.000000
0.990547 0.009833 0.136823 0.016600 -0.003567 0.998937 -0.045963 13.927000 -0.137130 0.045041 0.989529 -1.328400 0.000000 0.000000 0.000000 1.000000
0.990561 0.009627 0.136733 0.016600 -0.003361 0.998936 -0.045987 13.927000 -0.137030 0.045093 0.989540 -1.328400 0.000000 0.000000 0.000000 1.000000
0.990560 0.009645 0.136742 0.016600 -0.003363 0.998931 -0.046095 13.927000 -0.137040 0.045200 0.989534 -1.328400 0.000000 0.000000 0.000000 1.000000
0.990557 0.009701 0.136759 0.016600 -0.003392 0.998922 -0.046290 13.927000 -0.137060 0.045389 0.989522 -1.328400 0.000000 0.000000 0.000000 1.000000
0.990561 0.009682 0.136733 0.016600 -0.003318 0.998904 -0.046699 13.927000 -0.137035 0.045804 0.989507 -1.328400 0.000000 0.000000 0.000000 1.000000
0.990555 0.009797 0.136762 0.016600 -0.003344 0.998874 -0.047331 13.927000 -0.137072 0.046426 0.989473 -1.328400 0.000000 0.000000 0.000000 1.000000
0.990542 0.010070 0.136839 0.016600 -0.003539 0.998846 -0.047890 13.927000 -0.137163 0.046953 0.989435 -1.328400 0.000000 0.000000 0.000000 1.000000
0.990540 0.010253 0.136837 0.016600 -0.003677 0.998829 -0.048230 13.927000 -0.137171 0.047271 0.989419 -1.328400 0.000000 0.000000 0.000000 1.000000</float_array><technique_common><accessor source="#mixamorig_Spine2-Matrix-animation-output-transform-array" count="41" stride="16"><param type="float4x4"/></accessor></technique_common></source><source id="mixamorig_Spine2-Interpolations"><Name_array id="mixamorig_Spine2-Interpolations-array" count="41">
 LINEAR LINEAR LINEAR LINEAR LINEAR LINEAR LINEAR LINEAR LINEAR LINEAR LINEAR
LINEAR LINEAR LINEAR LINEAR LINEAR LINEAR LINEAR LINEAR LINEAR LINEAR LINEAR LINEAR
LINEAR LINEAR LINEAR LINEAR LINEAR LINEAR LINEAR LINEAR LINEAR LINEAR LINEAR LINEAR
LINEAR LINEAR LINEAR LINEAR LINEAR LINEAR</Name_array><technique_common><accessor source="#mixamorig_Spine2-Interpolations-array" count="41"><param type="name"/></accessor></technique_common></source><sampler id="mixamorig_Spine2-Matrix-animation-transform"><input semantic="INPUT" source="#mixamorig_Spine2-Matrix-animation-input"/><input semantic="OUTPUT" source="#mixamorig_Spine2-Matrix-animation-output-transform"/><input semantic="INTERPOLATION" source="#mixamorig_Spine2-Interpolations"/></sampler><channel source="#mixamorig_Spine2-Matrix-animation-transform" target="mixamorig_Spine2/matrix"/></animation>
    <animation id="mixamorig_Neck-anim" name="mixamorig_Neck"><source id="mixamorig_Neck-Matrix-animation-input"><float_array id="mixamorig_Neck-Matrix-animation-input-array" count="41">

0.000000 0.033333 0.066667 0.100000 0.133333 0.166667 0.200000 0.233333 0.266667 0.300000 0.333333 0.366667 0.400000 0.433333 0.466667 0.500000
0.533333 0.566667 0.600000 0.633333 0.666667 0.700000 0.733333 0.766667 0.800000 0.833333 0.866667 0.900000 0.933333 0.966667 1.000000 1.033333
1.066667 1.100000 1.133333 1.166667 1.200000 1.233333 1.266667 1.300000 1.333333</float_array><technique_common><accessor source="#mixamorig_Neck-Matrix-animation-input-array" count="41"><param name="TIME" type="float"/></accessor></technique_common></source><source id="mixamorig_Neck-Matrix-animation-output-transform"><float_array id="mixamorig_Neck-Matrix-animation-output-transform-array" count="656">

0.989933 0.076751 0.118922 0.018700 -0.050686 0.976721 -0.208438 15.667800 -0.132152 0.200312 0.970779 -1.494400 0.000000 0.000000 0.000000 1.000000
0.989968 0.076574 0.118746 0.018700 -0.050631 0.976855 -0.207826 15.667800 -0.131912 0.199729 0.970931 -1.494400 0.000000 0.000000 0.000000 1.000000
0.990006 0.076523 0.118461 0.018700 -0.050723 0.976982 -0.207204 15.667800 -0.131590 0.199124 0.971099 -1.494400 0.000000 0.000000 0.000000 1.000000
0.990041 0.076458 0.118209 0.018700 -0.050780 0.977089 -0.206685 15.667800 -0.131303 0.198624 0.971240 -1.494400 0.000000 0.000000 0.000000 1.000000
0.990039 0.076494 0.118200 0.018700 -0.050909 0.977225 -0.206007 15.667800 -0.131266 0.197937 0.971386 -1.494400 0.000000 0.000000 0.000000 1.000000
0.990024 0.076608 0.118255 0.018700 -0.051127 0.977396 -0.205142 15.667800 -0.131297 0.197050 0.971562 -1.494400 0.000000 0.000000 0.000000 1.000000
0.990022 0.076690 0.118212 0.018700 -0.051301 0.977516 -0.204525 15.667800 -0.131239 0.196420 0.971697 -1.494400 0.000000 0.000000 0.000000 1.000000
0.990013 0.076665 0.118304 0.018700 -0.051284 0.977558 -0.204327 15.667800 -0.131314 0.196220 0.971728 -1.494400 0.000000 0.000000 0.000000 1.000000
0.989986 0.076472 0.118661 0.018700 -0.051041 0.977600 -0.204187 15.667800 -0.131617 0.196086 0.971713 -1.494400 0.000000 0.000000 0.000000 1.000000
0.989947 0.076208 0.119157 0.018700 -0.050743 0.977710 -0.203737 15.667800 -0.132027 0.195642 0.971747 -1.494400 0.000000 0.000000 0.000000 1.000000
0.989910 0.076069 0.119549 0.018700 -0.050618 0.977855 -0.203072 15.667800 -0.132349 0.194972 0.971838 -1.494400 0.000000 0.000000 0.000000 1.000000
0.989891 0.076036 0.119723 0.018700 -0.050630 0.977974 -0.202491 15.667800 -0.132482 0.194383 0.971938 -1.494400 0.000000 0.000000 0.000000 1.000000
0.989887 0.075964 0.119803 0.018700 -0.050599 0.978060 -0.202085 15.667800 -0.132526 0.193979 0.972013 -1.494400 0.000000 0.000000 0.000000 1.000000
0.989887 0.075856 0.119871 0.018700 -0.050506 0.978106 -0.201887 15.667800 -0.132561 0.193791 0.972046 -1.494400 0.000000 0.000000 0.000000 1.000000
0.989891 0.075804 0.119877 0.018700 -0.050450 0.978104 -0.201910 15.667800 -0.132557 0.193821 0.972040 -1.494400 0.000000 0.000000 0.000000 1.000000
0.989900 0.075825 0.119783 0.018700 -0.050473 0.978077 -0.202032 15.667800 -0.132476 0.193946 0.972026 -1.494400 0.000000 0.000000 0.000000 1.000000
0.989910 0.075830 0.119700 0.018700 -0.050476 0.978050 -0.202163 15.667800 -0.132403 0.194081 0.972009 -1.494400 0.000000 0.000000 0.000000 1.000000
0.989923 0.075733 0.119655 0.018700 -0.050362 0.978015 -0.202363 15.667800 -0.132350 0.194298 0.971973 -1.494400 0.000000 0.000000 0.000000 1.000000
0.989950 0.075585 0.119525 0.018700 -0.050195 0.977952 -0.202706 15.667800 -0.132211 0.194669 0.971918 -1.494400 0.000000 0.000000 0.000000 1.000000
0.989986 0.075465 0.119297 0.018700 -0.050061 0.977866 -0.203154 15.667800 -0.131988 0.195148 0.971852 -1.494400 0.000000 0.000000 0.000000 1.000000
0.990011 0.075400 0.119133 0.018700 -0.049964 0.977773 -0.203627 15.667800 -0.131838 0.195641 0.971773 -1.494400 0.000000 0.000000 0.000000 1.000000
0.990025 0.075320 0.119066 0.018700 -0.049827 0.977669 -0.204160 15.667800 -0.131784 0.196191 0.971670 -1.494400 0.000000 0.000000 0.000000 1.000000
0.990049 0.075222 0.118930 0.018700 -0.049664 0.977534 -0.204844 15.667800 -0.131667 0.196899 0.971542 -1.494400 0.000000 0.000000 0.000000 1.000000
0.990070 0.075253 0.118733 0.018700 -0.049638 0.977386 -0.205555 15.667800 -0.131516 0.197620 0.971416 -1.494400 0.000000 0.000000 0.000000 1.000000
0.990059 0.075491 0.118675 0.018700 -0.049798 0.977244 -0.206192 15.667800 -0.131540 0.198232 0.971288 -1.494400 0.000000 0.000000 0.000000 1.000000
0.990040 0.075705 0.118700 0.018700 -0.049910 0.977090 -0.206894 15.667800 -0.131643 0.198909 0.971136 -1.494400 0.000000 0.000000 0.000000 1.000000
0.990048 0.075619 0.118685 0.018700 -0.049729 0.976944 -0.207624 15.667800 -0.131649 0.199656 0.970982 -1.494400 0.000000 0.000000 0.000000 1.000000
0.990064 0.075487 0.118639 0.018700 -0.049525 0.976824 -0.208237 15.667800 -0.131609 0.200292 0.970856 -1.494400 0.000000 0.000000 0.000000 1.000000
0.990045 0.075713 0.118654 0.018700 -0.049665 0.976691 -0.208826 15.667800 -0.131699 0.200855 0.970728 -1.494400 0.000000 0.000000 0.000000 1.000000
0.990007 0.076096 0.118723 0.018700 -0.049943 0.976541 -0.209458 15.667800 -0.131877 0.201435 0.970584 -1.494400 0.000000 0.000000 0.000000 1.000000
0.989985 0.076351 0.118744 0.018700 -0.050111 0.976408 -0.210039 15.667800 -0.131979 0.201985 0.970455 -1.494400 0.000000 0.000000 0.000000 1.000000
0.989976 0.076479 0.118734 0.018700 -0.050171 0.976297 -0.210540 15.667800 -0.132021 0.202473 0.970348 -1.494400 0.000000 0.000000 0.000000 1.000000
0.989960 0.076621 0.118781 0.018700 -0.050243 0.976201 -0.210968 15.667800 -0.132119 0.202882 0.970249 -1.494400 0.000000 0.000000 0.000000 1.000000
0.989932 0.076828 0.118876 0.018700 -0.050384 0.976124 -0.211289 15.667800 -0.132271 0.203173 0.970168 -1.494400 0.000000 0.000000 0.000000 1.000000
0.989912 0.076949 0.118967 0.018700 -0.050470 0.976096 -0.211397 15.667800 -0.132390 0.203260 0.970133 -1.494400 0.000000 0.000000 0.000000 1.000000
0.989907 0.076919 0.119028 0.018700 -0.050453 0.976139 -0.211205 15.667800 -0.132433 0.203068 0.970167 -1.494400 0.000000 0.000000 0.000000 1.000000
0.989904 0.076984 0.119012 0.018700 -0.050586 0.976234 -0.210731 15.667800 -0.132406 0.202583 0.970272 -1.494400 0.000000 0.000000 0.000000 1.000000
0.989890 0.077256 0.118949 0.018700 -0.050957 0.976357 -0.210074 15.667800 -0.132366 0.201889 0.970423 -1.494400 0.000000 0.000000 0.000000 1.000000
0.989882 0.077405 0.118917 0.018700 -0.051190 0.976471 -0.209487 15.667800 -0.132334 0.201280 0.970553 -1.494400 0.000000 0.000000 0.000000 1.000000
0.989899 0.077174 0.118925 0.018700 -0.051021 0.976573 -0.209049 15.667800 -0.132272 0.200870 0.970647 -1.494400 0.000000 0.000000 0.000000 1.000000
