<?xml version="1.0" encoding="utf-8"?>
<COLLADA xmlns="http://www.collada.org/2005/11/COLLADASchema" version="1.4.1">
  <asset><contributor><author>Mixamo</author><authoring_tool>COLLADA Mixamo exporter</authoring_tool><comments></comments></contributor><created>2019-03-09T04:32:43Z</created><modified>2019-03-09T04:32:43Z</modified><revision></revision><title></title><unit meter="0.010000"/><up_axis>Y_UP</up_axis></asset>
  <library_animations>
    <animation id="mixamorig_Hips-anim" name="mixamorig_Hips"><source id="mixamorig_Hips-Matrix-animation-input"><float_array id="mixamorig_Hips-Matrix-animation-input-array" count="27">

0.000000 0.033333 0.066667 0.100000 0.133333 0.166667 0.200000 0.233333 0.266667 0.300000 0.333333 0.366667 0.400000 0.433333 0.466667 0.500000
0.533333 0.566667 0.600000 0.633333 0.666667 0.700000 0.733333 0.766667 0.800000 0.833333 0.866667</float_array><technique_common><accessor source="#mixamorig_Hips-Matrix-animation-input-array" count="27"><param name="TIME" type="float"/></accessor></technique_common></source><source id="mixamorig_Hips-Matrix-animation-output-transform"><float_array id="mixamorig_Hips-Matrix-animation-output-transform-array" count="432">

0.876218 -0.036926 -0.480498 0.254570 -0.030535 0.990803 -0.131825 87.791718 0.480947 0.130180 0.867032 -0.571618 0.000000 0.000000 0.000000 1.000000
0.886643 -0.033989 -0.461204 0.247491 -0.034080 0.989781 -0.138460 87.551506 0.461197 0.138483 0.876425 -0.763135 0.000000 0.000000 0.000000 1.000000
0.910383 -0.028132 -0.412809 0.188103 -0.035276 0.988776 -0.145180 87.317200 0.412260 0.146732 0.899173 -0.783438 0.000000 0.000000 0.000000 1.000000
0.954828 -0.015812 -0.296739 -0.047996 -0.030776 0.987952 -0.151673 87.138405 0.295562 0.153954 0.942837 -0.418115 0.000000 0.000000 0.000000 1.000000
0.994282 0.002364 -0.106762 -0.460331 -0.019014 0.987698 -0.155214 87.041229 0.105081 0.156357 0.982095 0.310854 0.000000 0.000000 0.000000 1.000000
0.995419 0.020299 0.093428 -0.767447 -0.005765 0.988167 -0.153271 86.915634 -0.095434 0.152030 0.983758 1.045016 0.000000 0.000000 0.000000 1.000000
0.963782 0.033274 0.264606 -0.838204 0.005960 0.989251 -0.146107 86.696709 -0.266624 0.142393 0.953224 1.585501 0.000000 0.000000 0.000000 1.000000
0.925194 0.036740 0.377713 -0.762343 0.016036 0.990629 -0.135636 86.411552 -0.379157 0.131547 0.915934 1.817178 0.000000 0.000000 0.000000 1.000000
0.902561 0.031369 0.429417 -0.682101 0.024678 0.991934 -0.124330 86.220306 -0.429853 0.122812 0.894507 1.805751 0.000000 0.000000 0.000000 1.000000
0.898141 0.022111 0.439152 -0.637615 0.031481 0.992938 -0.114378 86.206940 -0.438579 0.116553 0.891102 1.705732 0.000000 0.000000 0.000000 1.000000
0.900784 0.014521 0.434024 -0.631384 0.035397 0.993660 -0.106708 86.291214 -0.432822 0.111484 0.894559 1.652833 0.000000 0.000000 0.000000 1.000000
0.902000 0.012191 0.431564 -0.654452 0.035168 0.994205 -0.101590 86.385147 -0.430302 0.106812 0.896344 1.735636 0.000000 0.000000 0.000000 1.000000
0.902365 0.015556 0.430692 -0.658618 0.030510 0.994535 -0.099844 86.481544 -0.429892 0.103236 0.896959 1.974270 0.000000 0.000000 0.000000 1.000000
0.908060 0.022016 0.418260 -0.561945 0.022782 0.994543 -0.101811 86.608833 -0.418219 0.101979 0.902603 2.285035 0.000000 0.000000 0.000000 1.000000
0.923461 0.027394 0.382713 -0.306403 0.014484 0.994248 -0.106116 86.775459 -0.383419 0.103537 0.917753 2.531566 0.000000 0.000000 0.000000 1.000000
0.946382 0.028359 0.321802 0.091677 0.007948 0.993794 -0.110951 86.984291 -0.322951 0.107560 0.940284 2.643099 0.000000 0.000000 0.000000 1.000000
0.970177 0.024547 0.241150 0.537685 0.003649 0.993267 -0.115789 87.252251 -0.242369 0.113215 0.963556 2.650723 0.000000 0.000000 0.000000 1.000000
0.988640 0.018876 0.149111 0.911498 -0.000723 0.992668 -0.120872 87.584175 -0.150300 0.119391 0.981405 2.621947 0.000000 0.000000 0.000000 1.000000
0.998444 0.014125 0.053947 1.122290 -0.007250 0.992058 -0.125573 87.940773 -0.055292 0.124986 0.990617 2.591573 0.000000 0.000000 0.000000 1.000000
0.999282 0.008752 -0.036864 1.128512 -0.013407 0.991687 -0.127970 88.215897 0.035438 0.128372 0.991093 2.530612 0.000000 0.000000 0.000000 1.000000
0.992912 0.000532 -0.118850 0.990618 -0.015646 0.991872 -0.126270 88.337883 0.117817 0.127235 0.984850 2.392079 0.000000 0.000000 0.000000 1.000000
0.980986 -0.010228 -0.193808 0.802765 -0.013582 0.992544 -0.121129 88.316322 0.193602 0.121458 0.973533 2.111660 0.000000 0.000000 0.000000 1.000000
0.962690 -0.019265 -0.269919 0.624587 -0.012731 0.993134 -0.116286 88.294350 0.270306 0.115384 0.955835 1.675326 0.000000 0.000000 0.000000 1.000000
0.934675 -0.027023 -0.354475 0.456787 -0.015120 0.993183 -0.115582 88.258781 0.355182 0.113391 0.927894 1.032276 0.000000 0.000000 0.000000 1.000000
0.895375 -0.034968 -0.443938 0.291138 -0.020384 0.992649 -0.119301 88.201118 0.444846 0.115869 0.888080 0.244285 0.000000 0.000000 0.000000 1.000000
0.880742 -0.036982 -0.472151 0.252498 -0.025549 0.991785 -0.125342 88.015480 0.472908 0.122457 0.872561 -0.216982 0.000000 0.000000 0.000000 1.000000
0.876218 -0.036926 -0.480498 0.254570 -0.030535 0.990803 -0.131825 87.791733 0.480947 0.130180 0.867031 -0.571611 0.000000 0.000000 0.000000 1.000000</float_array><technique_common><accessor source="#mixamorig_Hips-Matrix-animation-output-transform-array" count="27" stride="16"><param type="float4x4"/></accessor></technique_common></source><source id="mixamorig_Hips-Interpolations"><Name_array id="mixamorig_Hips-Interpolations-array" count="27">
 LINEAR LINEAR LINEAR LINEAR LINEAR LINEAR LINEAR LINEAR LINEAR LINEAR LINEAR
LINEAR LINEAR LINEAR LINEAR LINEAR LINEAR LINEAR LINEAR LINEAR LINEAR LINEAR LINEAR
LINEAR LINEAR LINEAR LINEAR</Name_array><technique_common><accessor source="#mixamorig_Hips-Interpolations-array" count="27"><param type="name"/></accessor></technique_common></source><sampler id="mixamorig_Hips-Matrix-animation-transform"><input semantic="INPUT" source="#mixamorig_Hips-Matrix-animation-input"/><input semantic="OUTPUT" source="#mixamorig_Hips-Matrix-animation-output-transform"/><input semantic="INTERPOLATION" source="#mixamorig_Hips-Interpolations"/></sampler><channel source="#mixamorig_Hips-Matrix-animation-transform" target="mixamorig_Hips/matrix"/></animation>
    <animation id="mixamorig_Spine-anim" name="mixamorig_Spine"><source id="mixamorig_Spine-Matrix-animation-input"><float_array id="mixamorig_Spine-Matrix-animation-input-array" count="27">

0.000000 0.033333 0.066667 0.100000 0.133333 0.166667 0.200000 0.233333 0.266667 0.300000 0.333333 0.366667 0.400000 0.433333 0.466667 0.500000
0.533333 0.566667 0.600000 0.633333 0.666667 0.700000 0.733333 0.766667 0.800000 0.833333 0.866667</float_array><technique_common><accessor source="#mixamorig_Spine-Matrix-animation-input-array" count="27"><param name="TIME" type="float"/></accessor></technique_common></source><source id="mixamorig_Spine-Matrix-animation-output-transform"><float_array id="mixamorig_Spine-Matrix-animation-output-transform-array" count="432">

0.999924 0.007234 -0.009963 0.000000 -0.007511 0.999579 -0.028017 9.923500 0.009756 0.028090 0.999558 -1.227300 0.000000 0.000000 0.000000 1.000000
0.999883 0.004800 -0.014541 0.000000 -0.005222 0.999562 -0.029135 9.923500 0.014394 0.029207 0.999470 -1.227300 0.000000 0.000000 0.000000 1.000000
0.999830 -0.000571 -0.018444 0.000000 0.000014 0.999544 -0.030200 9.923500 0.018453 0.030195 0.999374 -1.227300 0.000000 0.000000 0.000000 1.000000
0.999702 -0.012588 -0.020898 -0.000000 0.011957 0.999477 -0.030045 9.923500 0.021265 0.029786 0.999330 -1.227300 0.000000 0.000000 0.000000 1.000000
0.999336 -0.031105 -0.018985 0.000000 0.030581 0.999159 -0.027300 9.923500 0.019818 0.026702 0.999447 -1.227300 0.000000 0.000000 0.000000 1.000000
0.998733 -0.048748 -0.012521 -0.000000 0.048445 0.998552 -0.023397 9.923500 0.013643 0.022760 0.999648 -1.227300 0.000000 0.000000 0.000000 1.000000
0.998083 -0.061836 -0.002621 0.000000 0.061773 0.997897 -0.019662 9.923500 0.003831 0.019463 0.999803 -1.227300 0.000000 0.000000 0.000000 1.000000
0.997644 -0.068024 0.008844 0.000000 0.068168 0.997527 -0.017130 9.923500 -0.007657 0.017693 0.999814 -1.227300 0.000000 0.000000 0.000000 1.000000
0.997418 -0.069055 0.019727 0.000000 0.069377 0.997460 -0.016160 9.923500 -0.018561 0.017487 0.999675 -1.227300 0.000000 0.000000 0.000000 1.000000
0.997266 -0.068267 0.028291 0.000000 0.068753 0.997496 -0.016569 9.923500 -0.027089 0.018468 0.999462 -1.227300 0.000000 0.000000 0.000000 1.000000
0.997171 -0.067121 0.033834 -0.000000 0.067756 0.997540 -0.017998 9.923500 -0.032542 0.020240 0.999265 -1.227300 0.000000 0.000000 0.000000 1.000000
0.997202 -0.065487 0.036047 -0.000000 0.066230 0.997607 -0.019829 9.923500 -0.034663 0.022161 0.999153 -1.227300 0.000000 0.000000 0.000000 1.000000
0.997397 -0.063153 0.034801 0.000000 0.063914 0.997730 -0.021199 9.923500 -0.033383 0.023368 0.999169 -1.227300 0.000000 0.000000 0.000000 1.000000
0.997692 -0.060520 0.030792 0.000000 0.061200 0.997891 -0.021652 9.923500 -0.029417 0.023486 0.999291 -1.227300 0.000000 0.000000 0.000000 1.000000
0.997995 -0.057769 0.025848 0.000000 0.058335 0.998061 -0.021691 9.923500 -0.024545 0.023155 0.999431 -1.227300 0.000000 0.000000 0.000000 1.000000
0.998299 -0.054077 0.021774 0.000000 0.054561 0.998261 -0.022297 9.923500 -0.020530 0.023447 0.999514 -1.227300 0.000000 0.000000 0.000000 1.000000
0.998638 -0.048577 0.019021 0.000000 0.049024 0.998514 -0.023793 9.923500 -0.017837 0.024693 0.999536 -1.227300 0.000000 0.000000 0.000000 1.000000
0.998962 -0.042321 0.016828 0.000000 0.042740 0.998763 -0.025394 9.923500 -0.015733 0.026087 0.999536 -1.227300 0.000000 0.000000 0.000000 1.000000
0.999216 -0.036963 0.014193 0.000000 0.037324 0.998961 -0.026134 9.923500 -0.013212 0.026644 0.999558 -1.227300 0.000000 0.000000 0.000000 1.000000
0.999454 -0.031255 0.010748 -0.000000 0.031524 0.999168 -0.025870 9.923500 -0.009930 0.026194 0.999608 -1.227300 0.000000 0.000000 0.000000 1.000000
0.999688 -0.023887 0.007278 -0.000000 0.024063 0.999395 -0.025119 9.923500 -0.006674 0.025286 0.999658 -1.227300 0.000000 0.000000 0.000000 1.000000
0.999880 -0.014704 0.004867 0.000000 0.014820 0.999588 -0.024599 9.923500 -0.004503 0.024668 0.999686 -1.227300 0.000000 0.000000 0.000000 1.000000
0.999970 -0.006911 0.003576 0.000000 0.006997 0.999671 -0.024675 9.923500 -0.003404 0.024699 0.999689 -1.227300 0.000000 0.000000 0.000000 1.000000
0.999998 -0.000368 0.002040 0.000000 0.000420 0.999680 -0.025275 9.923500 -0.002030 0.025276 0.999678 -1.227300 0.000000 0.000000 0.000000 1.000000
0.999984 0.005715 -0.000495 -0.000000 -0.005726 0.999641 -0.026187 9.923500 0.000345 0.026189 0.999657 -1.227300 0.000000 0.000000 0.000000 1.000000
0.999961 0.007174 -0.005109 0.000000 -0.007310 0.999606 -0.027092 9.923500 0.004913 0.027128 0.999620 -1.227300 0.000000 0.000000 0.000000 1.000000
0.999924 0.007233 -0.009963 0.000000 -0.007510 0.999579 -0.028017 9.923500 0.009756 0.028089 0.999558 -1.227300 0.000000 0.000000 0.000000 1.000000</float_array><technique_common><accessor source="#mixamorig_Spine-Matrix-animation-output-transform-array" count="27" stride="16"><param type="float4x4"/></accessor></technique_common></source><source id="mixamorig_Spine-Interpolations"><Name_array id="mixamorig_Spine-Interpolations-array" count="27">
 LINEAR LINEAR LINEAR LINEAR LINEAR LINEAR LINEAR LINEAR LINEAR LINEAR LINEAR
LINEAR LINEAR LINEAR LINEAR LINEAR LINEAR LINEAR LINEAR LINEAR LINEAR LINEAR LINEAR
LINEAR LINEAR LINEAR LINEAR</Name_array><technique_common><accessor source="#mixamorig_Spine-Interpolations-array" count="27"><param type="name"/></accessor></technique_common></source><sampler id="mixamorig_Spine-Matrix-animation-transform"><input semantic="INPUT" source="#mixamorig_Spine-Matrix-animation-input"/><input semantic="OUTPUT" source="#mixamorig_Spine-Matrix-animation-output-transform"/><input semantic="INTERPOLATION" source="#mixamorig_Spine-Interpolations"/></sampler><channel source="#mixamorig_Spine-Matrix-animation-transform" target="mixamorig_Spine/matrix"/></animation>
    <animation id="mixamorig_Spine1-anim" name="mixamorig_Spine1"><source id="mixamorig_Spine1-Matrix-animation-input"><float_array id="mixamorig_Spine1-Matrix-animation-input-array" count="27">

0.000000 0.033333 0.066667 0.100000 0.133333 0.166667 0.200000 0.233333 0.266667 0.300000 0.333333 0.366667 0.400000 0.433333 0.466667 0.500000
0.533333 0.566667 0.600000 0.633333 0.666667 0.700000 0.733333 0.766667 0.800000 0.833333 0.866667</float_array><technique_common><accessor source="#mixamorig_Spine1-Matrix-animation-input-array" count="27"><param name="TIME" type="float"/></accessor></technique_common></source><source id="mixamorig_Spine1-Matrix-animation-output-transform"><float_array id="mixamorig_Spine1-Matrix-animation-output-transform-array" count="432">

0.999900 -0.011643 -0.007976 -0.000100 0.011198 0.998493 -0.053728 11.645400 0.008590 0.053633 0.998524 -1.422300 0.000000 0.000000 0.000000 1.000000
0.999752 -0.014784 -0.016647 -0.000100 0.013827 0.998324 -0.056198 11.645400 0.017450 0.055953 0.998281 -1.422300 0.000000 0.000000 0.000000 1.000000
0.999533 -0.018568 -0.024259 -0.000100 0.017137 0.998175 -0.057908 11.645400 0.025290 0.057466 0.998027 -1.422300 0.000000 0.000000 0.000000 1.000000
0.999331 -0.023736 -0.027840 -0.000100 0.022117 0.998124 -0.057097 11.645400 0.029143 0.056443 0.997980 -1.422300 0.000000 0.000000 0.000000 1.000000
0.999243 -0.031059 -0.023446 -0.000100 0.029790 0.998166 -0.052695 11.645400 0.025040 0.051957 0.998335 -1.422300 0.000000 0.000000 0.000000 1.000000
0.999152 -0.039651 -0.011063 -0.000100 0.039090 0.998130 -0.047004 11.645400 0.012906 0.046532 0.998833 -1.422300 0.000000 0.000000 0.000000 1.000000
0.998832 -0.047637 0.008073 -0.000100 0.047937 0.997950 -0.042403 11.645400 -0.006037 0.042740 0.999068 -1.422300 0.000000 0.000000 0.000000 1.000000
0.998124 -0.052781 0.031017 -0.000100 0.054000 0.997744 -0.039884 11.645400 -0.028842 0.041484 0.998723 -1.422300 0.000000 0.000000 0.000000 1.000000
0.997067 -0.054584 0.053648 -0.000100 0.056728 0.997617 -0.039284 11.645400 -0.051376 0.042212 0.997787 -1.422300 0.000000 0.000000 0.000000 1.000000
0.995913 -0.054288 0.072188 -0.000100 0.057304 0.997540 -0.040382 11.645400 -0.069818 0.044353 0.996573 -1.422300 0.000000 0.000000 0.000000 1.000000
0.995031 -0.052860 0.084374 -0.000100 0.056646 0.997462 -0.043126 11.645400 -0.081880 0.047692 0.995500 -1.422300 0.000000 0.000000 0.000000 1.000000
0.994736 -0.050172 0.089352 -0.000100 0.054504 0.997420 -0.046719 11.645400 -0.086778 0.051343 0.994904 -1.422300 0.000000 0.000000 0.000000 1.000000
0.995119 -0.046015 0.087297 -0.000100 0.050467 0.997499 -0.049487 11.645400 -0.084801 0.053651 0.994952 -1.422300 0.000000 0.000000 0.000000 1.000000
0.995964 -0.041152 0.079767 -0.000100 0.045256 0.997706 -0.050341 11.645400 -0.077512 0.053748 0.995542 -1.422300 0.000000 0.000000 0.000000 1.000000
0.996878 -0.036708 0.069903 -0.000100 0.040255 0.997937 -0.050016 11.645400 -0.067923 0.052673 0.996299 -1.422300 0.000000 0.000000 0.000000 1.000000
0.997593 -0.032934 0.061025 -0.000100 0.036022 0.998088 -0.050225 11.645400 -0.059254 0.052302 0.996872 -1.422300 0.000000 0.000000 0.000000 1.000000
0.998090 -0.029215 0.054429 -0.000100 0.032031 0.998154 -0.051610 11.645400 -0.052820 0.053255 0.997183 -1.422300 0.000000 0.000000 0.000000 1.000000
0.998496 -0.025144 0.048709 -0.000100 0.027723 0.998209 -0.053018 11.645400 -0.047289 0.054289 0.997405 -1.422300 0.000000 0.000000 0.000000 1.000000
0.998918 -0.020802 0.041595 -0.000100 0.022995 0.998332 -0.052957 11.645400 -0.040424 0.053856 0.997730 -1.422300 0.000000 0.000000 0.000000 1.000000
0.999332 -0.016279 0.032722 -0.000100 0.017942 0.998527 -0.051211 11.645400 -0.031841 0.051763 0.998152 -1.422300 0.000000 0.000000 0.000000 1.000000
0.999631 -0.011934 0.024414 -0.000100 0.013116 0.998722 -0.048803 11.645400 -0.023800 0.049105 0.998510 -1.422300 0.000000 0.000000 0.000000 1.000000
0.999782 -0.008376 0.019102 -0.000100 0.009267 0.998849 -0.047069 11.645400 -0.018686 0.047236 0.998709 -1.422300 0.000000 0.000000 0.000000 1.000000
0.999847 -0.006299 0.016291 -0.000100 0.007053 0.998886 -0.046658 11.645400 -0.015978 0.046766 0.998778 -1.422300 0.000000 0.000000 0.000000 1.000000
0.999893 -0.006081 0.013281 -0.000100 0.006705 0.998854 -0.047383 11.645400 -0.012978 0.047467 0.998788 -1.422300 0.000000 0.000000 0.000000 1.000000
0.999940 -0.007008 0.008477 -0.000100 0.007413 0.998783 -0.048767 11.645400 -0.008125 0.048827 0.998774 -1.422300 0.000000 0.000000 0.000000 1.000000
0.999959 -0.009076 0.000775 -0.000100 0.009103 0.998655 -0.051043 11.645400 -0.000310 0.051048 0.998696 -1.422300 0.000000 0.000000 0.000000 1.000000
0.999900 -0.011643 -0.007976 -0.000100 0.011198 0.998493 -0.053728 11.645400 0.008590 0.053633 0.998524 -1.422300 0.000000 0.000000 0.000000 1.000000</float_array><technique_common><accessor source="#mixamorig_Spine1-Matrix-animation-output-transform-array" count="27" stride="16"><param type="float4x4"/></accessor></technique_common></source><source id="mixamorig_Spine1-Interpolations"><Name_array id="mixamorig_Spine1-Interpolations-array" count="27">
 LINEAR LINEAR LINEAR LINEAR LINEAR LINEAR LINEAR LINEAR LINEAR LINEAR LINEAR
LINEAR LINEAR LINEAR LINEAR LINEAR LINEAR LINEAR LINEAR LINEAR LINEAR LINEAR LINEAR
LINEAR LINEAR LINEAR LINEAR</Name_array><technique_common><accessor source="#mixamorig_Spine1-Interpolations-array" count="27"><param type="name"/></accessor></technique_common></source><sampler id="mixamorig_Spine1-Matrix-animation-transform"><input semantic="INPUT" source="#mixamorig_Spine1-Matrix-animation-input"/><input semantic="OUTPUT" source="#mixamorig_Spine1-Matrix-animation-output-transform"/><input semantic="INTERPOLATION" source="#mixamorig_Spine1-Interpolations"/></sampler><channel source="#mixamorig_Spine1-Matrix-animation-transform" target="mixamorig_Spine1/matrix"/></animation>
    <animation id="mixamorig_Spine2-anim" name="mixamorig_Spine2"><source id="mixamorig_Spine2-Matrix-animation-input"><float_array id="mixamorig_Spine2-Matrix-animation-input-array" count="27">

0.000000 0.033333 0.066667 0.100000 0.133333 0.166667 0.200000 0.233333 0.266667 0.300000 0.333333 0.366667 0.400000 0.433333 0.466667 0.500000
0.533333 0.566667 0.600000 0.633333 0.666667 0.700000 0.733333 0.766667 0.800000 0.833333 0.866667</float_array><technique_common><accessor source="#mixamorig_Spine2-Matrix-animation-input-array" count="27"><param name="TIME" type="float"/></accessor></technique_common></source><source id="mixamorig_Spine2-Matrix-animation-output-transform"><float_array id="mixamorig_Spine2-Matrix-animation-output-transform-array" count="432">

0.999896 -0.011812 -0.008320 0.000100 0.011349 0.998495 -0.053650 13.360200 0.008941 0.053550 0.998525 -1.626500 0.000000 0.000000 0.000000 1.000000
0.999745 -0.014839 -0.017023 0.000100 0.013862 0.998327 -0.056128 13.360200 0.017828 0.055878 0.998278 -1.626500 0.000000 0.000000 0.000000 1.000000
0.999526 -0.018488 -0.024597 0.000100 0.017039 0.998177 -0.057892 13.360200 0.025622 0.057445 0.998020 -1.626500 0.000000 0.000000 0.000000 1.000000
0.999330 -0.023593 -0.027983 0.000100 0.021965 0.998125 -0.057124 13.360200 0.029278 0.056471 0.997975 -1.626500 0.000000 0.000000 0.000000 1.000000
0.999249 -0.030962 -0.023298 0.000100 0.029698 0.998164 -0.052783 13.360200 0.024890 0.052051 0.998334 -1.626500 0.000000 0.000000 0.000000 1.000000
0.999158 -0.039623 -0.010678 0.000100 0.039079 0.998126 -0.047089 13.360200 0.012524 0.046632 0.998834 -1.626500 0.000000 0.000000 0.000000 1.000000
0.998829 -0.047604 0.008588 0.000100 0.047927 0.997951 -0.042378 13.360200 -0.006553 0.042740 0.999065 -1.626500 0.000000 0.000000 0.000000 1.000000
0.998113 -0.052658 0.031578 0.000100 0.053894 0.997759 -0.039648 13.360200 -0.029420 0.041275 0.998715 -1.626500 0.000000 0.000000 0.000000 1.000000
0.997049 -0.054330 0.054242 0.000100 0.056474 0.997650 -0.038804 13.360200 -0.052006 0.041753 0.997774 -1.626500 0.000000 0.000000 0.000000 1.000000
0.995884 -0.053908 0.072863 0.000100 0.056906 0.997589 -0.039711 13.360200 -0.070546 0.043694 0.996551 -1.626500 0.000000 0.000000 0.000000 1.000000
0.994988 -0.052391 0.085172 0.000100 0.056152 0.997523 -0.042371 13.360200 -0.082741 0.046941 0.995465 -1.626500 0.000000 0.000000 0.000000 1.000000
0.994680 -0.049667 0.090246 0.000100 0.053978 0.997484 -0.045968 13.360200 -0.087736 0.050594 0.994858 -1.626500 0.000000 0.000000 0.000000 1.000000
0.995063 -0.045529 0.088188 0.000100 0.049965 0.997560 -0.048761 13.360200 -0.085753 0.052927 0.994910 -1.626500 0.000000 0.000000 0.000000 1.000000
0.995916 -0.040725 0.080576 0.000100 0.044815 0.997762 -0.049618 13.360200 -0.078375 0.053026 0.995513 -1.626500 0.000000 0.000000 0.000000 1.000000
0.996840 -0.036361 0.070622 0.000100 0.039895 0.997987 -0.049295 13.360200 -0.068687 0.051956 0.996284 -1.626500 0.000000 0.000000 0.000000 1.000000
0.997561 -0.032673 0.061686 0.000100 0.035756 0.998131 -0.049555 13.360200 -0.059952 0.051639 0.996865 -1.626500 0.000000 0.000000 0.000000 1.000000
0.998062 -0.029044 0.055039 0.000100 0.031862 0.998188 -0.051043 13.360200 -0.053457 0.052698 0.997179 -1.626500 0.000000 0.000000 0.000000 1.000000
0.998473 -0.025055 0.049241 0.000100 0.027642 0.998234 -0.052572 13.360200 -0.047836 0.053853 0.997402 -1.626500 0.000000 0.000000 0.000000 1.000000
0.998901 -0.020775 0.042018 0.000100 0.022978 0.998350 -0.052631 13.360200 -0.040856 0.053539 0.997730 -1.626500 0.000000 0.000000 0.000000 1.000000
0.999322 -0.016289 0.033029 0.000100 0.017961 0.998537 -0.051001 13.360200 -0.032150 0.051559 0.998152 -1.626500 0.000000 0.000000 0.000000 1.000000
0.999625 -0.011957 0.024623 0.000100 0.013146 0.998727 -0.048690 13.360200 -0.024010 0.048995 0.998510 -1.626500 0.000000 0.000000 0.000000 1.000000
0.999780 -0.008403 0.019228 0.000100 0.009300 0.998851 -0.047016 13.360200 -0.018811 0.047185 0.998709 -1.626500 0.000000 0.000000 0.000000 1.000000
0.999847 -0.006346 0.016327 0.000100 0.007101 0.998887 -0.046632 13.360200 -0.016013 0.046741 0.998779 -1.626500 0.000000 0.000000 0.000000 1.000000
0.999894 -0.006177 0.013219 0.000100 0.006797 0.998855 -0.047358 13.360200 -0.012911 0.047442 0.998791 -1.626500 0.000000 0.000000 0.000000 1.000000
0.999940 -0.007178 0.008303 0.000100 0.007574 0.998783 -0.048735 13.360200 -0.007943 0.048795 0.998777 -1.626500 0.000000 0.000000 0.000000 1.000000
0.999957 -0.009298 0.000508 0.000100 0.009312 0.998656 -0.050986 13.360200 -0.000034 0.050989 0.998699 -1.626500 0.000000 0.000000 0.000000 1.000000
0.999896 -0.011812 -0.008320 0.000100 0.011349 0.998495 -0.053650 13.360200 0.008941 0.053550 0.998525 -1.626500 0.000000 0.000000 0.000000 1.000000</float_array><technique_common><accessor source="#mixamorig_Spine2-Matrix-animation-output-transform-array" count="27" stride="16"><param type="float4x4"/></accessor></technique_common></source><source id="mixamorig_Spine2-Interpolations"><Name_array id="mixamorig_Spine2-Interpolations-array" count="27">
 LINEAR LINEAR LINEAR LINEAR LINEAR LINEAR LINEAR LINEAR LINEAR LINEAR LINEAR
LINEAR LINEAR LINEAR LINEAR LINEAR LINEAR LINEAR LINEAR LINEAR LINEAR LINEAR LINEAR
LINEAR LINEAR LINEAR LINEAR</Name_array><technique_common><accessor source="#mixamorig_Spine2-Interpolations-array" count="27"><param type="name"/></accessor></technique_common></source><sampler id="mixamorig_Spine2-Matrix-animation-transform"><input semantic="INPUT" source="#mixamorig_Spine2-Matrix-animation-input"/><input semantic="OUTPUT" source="#mixamorig_Spine2-Matrix-animation-output-transform"/><input semantic="INTERPOLATION" source="#mixamorig_Spine2-Interpolations"/></sampler><channel source="#mixamorig_Spine2-Matrix-animation-transform" target="mixamorig_Spine2/matrix"/></animation>
    <animation id="mixamorig_Neck-anim" name="mixamorig_Neck"><source id="mixamorig_Neck-Matrix-animation-input"><float_array id="mixamorig_Neck-Matrix-animation-input-array" count="27">

0.000000 0.033333 0.066667 0.100000 0.133333 0.166667 0.200000 0.233333 0.266667 0.300000 0.333333 0.366667 0.400000 0.433333 0.466667 0.500000
0.533333 0.566667 0.600000 0.633333 0.666667 0.700000 0.733333 0.766667 0.800000 0.833333 0.866667</float_array><technique_common><accessor source="#mixamorig_Neck-Matrix-animation-input-array" count="27"><param name="TIME" type="float"/></accessor></technique_common></source><source id="mixamorig_Neck-Matrix-animation-output-transform"><float_array id="mixamorig_Neck-Matrix-animation-output-transform-array" count="432">

0.991839 0.110151 0.064208 0.000000 -0.099783 0.984107 -0.146891 15.032500 -0.079368 0.139286 0.987066 0.792900 0.000000 0.000000 0.000000 1.000000
0.992287 0.107496 0.061731 -0.000000 -0.097467 0.984282 -0.147270 15.032500 -0.076592 0.140117 0.987168 0.792900 0.000000 0.000000 0.000000 1.000000
0.992831 0.105181 0.056775 -0.000000 -0.095805 0.984309 -0.148180 15.032500 -0.071470 0.141678 0.987329 0.792900 0.000000 0.000000 0.000000 1.000000
0.993270 0.103892 0.051195 0.000000 -0.095018 0.983690 -0.152724 15.032500 -0.066227 0.146832 0.986942 0.792900 0.000000 0.000000 0.000000 1.000000
0.993525 0.108615 0.033341 -0.000000 -0.102131 0.982340 -0.156772 15.032500 -0.049780 0.152351 0.987072 0.792900 0.000000 0.000000 0.000000 1.000000
0.992782 0.119098 0.014124 -0.000000 -0.115409 0.980729 -0.157645 15.032500 -0.032627 0.154877 0.987395 0.792900 0.000000 0.000000 0.000000 1.000000
0.991101 0.133086 -0.002763 0.000000 -0.131887 0.978939 -0.155836 15.032500 -0.018035 0.154814 0.987779 0.792900 0.000000 0.000000 0.000000 1.000000
0.989213 0.145846 -0.013692 0.000000 -0.146207 0.977213 -0.153878 15.032500 -0.009062 0.154220 0.987995 0.792900 0.000000 0.000000 0.000000 1.000000
0.987964 0.153699 -0.017455 0.000000 -0.154543 0.975888 -0.154139 15.032500 -0.006656 0.154981 0.987895 0.792900 0.000000 0.000000 0.000000 1.000000
0.987535 0.156574 -0.016109 0.000000 -0.157156 0.975127 -0.156298 15.032500 -0.008764 0.156881 0.987579 0.792900 0.000000 0.000000 0.000000 1.000000
0.987554 0.156735 -0.013086 0.000000 -0.156822 0.974919 -0.157923 15.032500 -0.011995 0.158010 0.987365 0.792900 0.000000 0.000000 0.000000 1.000000
0.987751 0.155689 -0.010459 0.000000 -0.155380 0.975200 -0.157613 15.032500 -0.014339 0.157307 0.987446 0.792900 0.000000 0.000000 0.000000 1.000000
0.988159 0.153222 -0.008021 0.000000 -0.152579 0.975820 -0.156512 15.032500 -0.016154 0.155882 0.987644 0.792900 0.000000 0.000000 0.000000 1.000000
0.988825 0.149013 -0.004520 0.000000 -0.147881 0.976571 -0.156332 15.032500 -0.018881 0.155253 0.987694 0.792900 0.000000 0.000000 0.000000 1.000000
0.989597 0.143868 0.000746 0.000000 -0.141972 0.977368 -0.156828 15.032500 -0.023292 0.155090 0.987626 0.792900 0.000000 0.000000 0.000000 1.000000
0.990272 0.138938 0.007531 0.000000 -0.136068 0.978288 -0.156325 15.032500 -0.029087 0.153779 0.987677 0.792900 0.000000 0.000000 0.000000 1.000000
0.990801 0.134475 0.015176 0.000000 -0.130554 0.979340 -0.154434 15.032500 -0.035630 0.151032 0.987887 0.792900 0.000000 0.000000 0.000000 1.000000
0.991268 0.129824 0.023083 0.000000 -0.124824 0.980303 -0.153050 15.032500 -0.042498 0.148832 0.987949 0.792900 0.000000 0.000000 0.000000 1.000000
0.991748 0.124448 0.030785 0.000000 -0.118305 0.980935 -0.154178 15.032500 -0.049385 0.149264 0.987563 0.792900 0.000000 0.000000 0.000000 1.000000
0.992184 0.118894 0.037893 -0.000000 -0.111564 0.981202 -0.157469 15.032500 -0.055903 0.152011 0.986797 0.792900 0.000000 0.000000 0.000000 1.000000
0.992410 0.114779 0.044141 0.000000 -0.106348 0.981273 -0.160603 15.032500 -0.061749 0.154690 0.986032 0.792900 0.000000 0.000000 0.000000 1.000000
0.992314 0.113368 0.049605 0.000000 -0.104042 0.981367 -0.161538 15.032500 -0.066994 0.155135 0.985619 0.792900 0.000000 0.000000 0.000000 1.000000
0.991961 0.114028 0.054881 0.000000 -0.104011 0.981675 -0.159673 15.032500 -0.072082 0.152681 0.985643 0.792900 0.000000 0.000000 0.000000 1.000000
0.991531 0.114790 0.060734 0.000000 -0.104204 0.982332 -0.155451 15.032500 -0.077506 0.147806 0.985975 0.792900 0.000000 0.000000 0.000000 1.000000
0.991168 0.114470 0.066949 -0.000000 -0.103433 0.983274 -0.149910 15.032500 -0.082990 0.141661 0.986430 0.792900 0.000000 0.000000 0.000000 1.000000
0.991510 0.112742 0.064791 0.000000 -0.102225 0.983768 -0.147480 15.032500 -0.080366 0.139605 0.986941 0.792900 0.000000 0.000000 0.000000 1.000000
0.991839 0.110151 0.064208 0.000000 -0.099783 0.984107 -0.146891 15.032500 -0.079368 0.139286 0.987066 0.792900 0.000000 0.000000 0.000000 1.000000</float_array><technique_common><accessor source="#mixamorig_Neck-Matrix-animation-output-transform-array" count="27" stride="16"><param type="float4x4"/></accessor></technique_common></source><source id="mixamorig_Neck-Interpolations"><Name_array id="mixamorig_Neck-Interpolations-array" count="27">
 LINEAR LINEAR LINEAR LINEAR LINEAR LINEAR LINEAR LINEAR LINEAR LINEAR LINEAR
LINEAR LINEAR LINEAR LINEAR LINEAR LINEAR LINEAR LINEAR LINEAR LINEAR LINEAR LINEAR
LINEAR LINEAR LINEAR LINEAR</Name_array><technique_common><accessor source="#mixamorig_Neck-Interpolations-array" count="27"><param type="name"/></accessor></technique_common></source><sampler id="mixamorig_Neck-Matrix-animation-transform"><input semantic="INPUT" source="#mixamorig_Neck-Matrix-animation-input"/><input semantic="OUTPUT" source="#mixamorig_Neck-Matrix-animation-output-transform"/><input semantic="INTERPOLATION" source="#mixamorig_Neck-Interpolations"/></sampler><channel source="#mixamorig_Neck-Matrix-animation-transform" target="mixamorig_Neck/matrix"/></animation>
    <animation id="mixamorig_Head-anim" name="mixamorig_Head"><source id="mixamorig_Head-Matrix-animation-input"><float_array id="mixamorig_Head-Matrix-animation-input-array" count="27">

0.000000 0.033333 0.066667 0.100000 0.133333 0.166667 0.200000 0.233333 0.266667 0.300000 0.333333 0.366667 0.400000 0.433333 0.466667 0.500000
0.533333 0.566667 0.600000 0.633333 0.666667 0.700000 0.733333 0.766667 0.800000 0.833333 0.866667</float_array><technique_common><accessor source="#mixamorig_Head-Matrix-animation-input-array" count="27"><param name="TIME" type="float"/></accessor></technique_common></source><source id="mixamorig_Head-Matrix-animation-output-transform"><float_array id="mixamorig_Head-Matrix-animation-output-transform-array" count="432">

0.959102 0.113007 0.259526 0.000000 -0.135849 0.988126 0.071777 10.321800 -0.248333 -0.104098 0.963065 3.142400 0.000000 0.000000 0.000000 1.000000
0.958964 0.121188 0.256322 -0.000000 -0.145561 0.986247 0.078285 10.321800 -0.243309 -0.112383 0.963416 3.142400 0.000000 0.000000 0.000000 1.000000
0.964565 0.116735 0.236616 -0.000000 -0.140671 0.986237 0.086883 10.321800 -0.223217 -0.117089 0.967711 3.142400 0.000000 0.000000 0.000000 1.000000
0.982110 0.079472 0.170718 0.000000 -0.097806 0.989985 0.101805 10.321800 -0.160918 -0.116681 0.980046 3.142400 0.000000 0.000000 0.000000 1.000000
0.998430 0.005655 0.055731 0.000000 -0.012310 0.992723 0.119789 10.321800 -0.054648 -0.120287 0.991234 3.142400 0.000000 0.000000 0.000000 1.000000
0.994536 -0.070292 -0.077179 0.000000 0.079937 0.988290 0.129976 10.321800 0.067138 -0.135436 0.988509 3.142400 0.000000 0.000000 0.000000 1.000000
0.973326 -0.123381 -0.193424 0.000000 0.150145 0.980026 0.130406 10.321800 0.173471 -0.155970 0.972410 3.142400 0.000000 0.000000 0.000000 1.000000
0.953272 -0.143131 -0.266058 0.000000 0.182428 0.974683 0.129279 10.321800 0.240818 -0.171774 0.955249 3.142400 0.000000 0.000000 0.000000 1.000000
0.946690 -0.137604 -0.291279 0.000000 0.182634 0.974088 0.133407 10.321800 0.265374 -0.179493 0.947290 3.142400 0.000000 0.000000 0.000000 1.000000
0.949922 -0.126326 -0.285814 -0.000000 0.172000 0.974994 0.140719 10.321800 0.260891 -0.182832 0.947897 3.142400 0.000000 0.000000 0.000000 1.000000
0.953612 -0.127854 -0.272538 0.000000 0.171921 0.974469 0.144407 10.321800 0.247117 -0.184563 0.951246 3.142400 0.000000 0.000000 0.000000 1.000000
0.953400 -0.147745 -0.263060 0.000000 0.189057 0.972042 0.139257 10.321800 0.235131 -0.182501 0.954676 3.142400 0.000000 0.000000 0.000000 1.000000
0.951608 -0.174593 -0.252902 0.000000 0.211489 0.969128 0.126737 10.321800 0.222967 -0.174090 0.959155 3.142400 0.000000 0.000000 0.000000 1.000000
0.953927 -0.189742 -0.232427 0.000000 0.220687 0.968531 0.115083 10.321800 0.203277 -0.161074 0.965781 3.142400 0.000000 0.000000 0.000000 1.000000
0.962843 -0.183597 -0.198055 -0.000000 0.208101 0.971810 0.110810 10.321800 0.172128 -0.147908 0.973907 3.142400 0.000000 0.000000 0.000000 1.000000
0.974830 -0.161850 -0.153333 0.000000 0.179939 0.977227 0.112471 10.321800 0.131637 -0.137231 0.981753 3.142400 0.000000 0.000000 0.000000 1.000000
0.985239 -0.136239 -0.103650 -0.000000 0.147890 0.982348 0.114549 10.321800 0.086215 -0.128187 0.987996 3.142400 0.000000 0.000000 0.000000 1.000000
0.992283 -0.112506 -0.052128 -0.000000 0.117817 0.986523 0.113537 10.321800 0.038652 -0.118803 0.992165 3.142400 0.000000 0.000000 0.000000 1.000000
0.996048 -0.088817 -0.000222 0.000000 0.088313 0.990130 0.108830 10.321800 -0.009446 -0.108420 0.994060 3.142400 0.000000 0.000000 0.000000 1.000000
0.996790 -0.062977 0.049427 0.000000 0.057760 0.993238 0.100704 10.321800 -0.055435 -0.097526 0.993688 3.142400 0.000000 0.000000 0.000000 1.000000
0.995015 -0.037143 0.092551 -0.000000 0.028784 0.995519 0.090074 10.321800 -0.095481 -0.086961 0.991625 3.142400 0.000000 0.000000 0.000000 1.000000
0.991794 -0.014158 0.127063 0.000000 0.004059 0.996835 0.079391 10.321800 -0.127785 -0.078223 0.988712 3.142400 0.000000 0.000000 0.000000 1.000000
0.987553 0.008397 0.157061 0.000000 -0.019842 0.997247 0.071444 10.321800 -0.156029 -0.073672 0.985001 3.142400 0.000000 0.000000 0.000000 1.000000
0.981119 0.036335 0.189962 -0.000000 -0.049892 0.996500 0.067074 10.321800 -0.186860 -0.075285 0.979498 3.142400 0.000000 0.000000 0.000000 1.000000
0.971070 0.070739 0.228077 0.000000 -0.087673 0.994028 0.064978 10.321800 -0.222118 -0.083094 0.971473 3.142400 0.000000 0.000000 0.000000 1.000000
0.963948 0.094518 0.248736 0.000000 -0.114570 0.991127 0.067383 10.321800 -0.240160 -0.093452 0.966224 3.142400 0.000000 0.000000 0.000000 1.000000
0.959102 0.113007 0.259526 0.000000 -0.135849 0.988126 0.071777 10.321800 -0.248333 -0.104097 0.963065 3.142400 0.000000 0.000000 0.000000 1.000000</float_array><technique_common><accessor source="#mixamorig_Head-Matrix-animation-output-transform-array" count="27" stride="16"><param type="float4x4"/></accessor></technique_common></source><source id="mixamorig_Head-Interpolations"><Name_array id="mixamorig_Head-Interpolations-array" count="27">
 LINEAR LINEAR LINEAR LINEAR LINEAR LINEAR LINEAR LINEAR LINEAR LINEAR LINEAR
LINEAR LINEAR LINEAR LINEAR LINEAR LINEAR LINEAR LINEAR LINEAR LINEAR LINEAR LINEAR
LINEAR LINEAR LINEAR LINEAR</Name_array><technique_common><accessor source="#mixamorig_Head-Interpolations-array" count="27"><param type="name"/></accessor></technique_common></source><sampler id="mixamorig_Head-Matrix-animation-transform"><input semantic="INPUT" source="#mixamorig_Head-Matrix-animation-input"/><input semantic="OUTPUT" source="#mixamorig_Head-Matrix-animation-output-transform"/><input semantic="INTERPOLATION" source="#mixamorig_Head-Interpolations"/></sampler><channel source="#mixamorig_Head-Matrix-animation-transform" target="mixamorig_Head/matrix"/></animation>
    <animation id="mixamorig_LeftShoulder-anim" name="mixamorig_LeftShoulder"><source id="mixamorig_LeftShoulder-Matrix-animation-input"><float_array id="mixamorig_LeftShoulder-Matrix-animation-input-array" count="27">

0.000000 0.033333 0.066667 0.100000 0.133333 0.166667 0.200000 0.233333 0.266667 0.300000 0.333333 0.366667 0.400000 0.433333 0.466667 0.500000
0.533333 0.566667 0.600000 0.633333 0.666667 0.700000 0.733333 0.766667 0.800000 0.833333 0.866667</float_array><technique_common><accessor source="#mixamorig_LeftShoulder-Matrix-animation-input-array" count="27"><param name="TIME" type="float"/></accessor></technique_common></source><source id="mixamorig_LeftShoulder-Matrix-animation-output-transform"><float_array id="mixamorig_LeftShoulder-Matrix-animation-output-transform-array" count="432">

0.941020 0.207350 -0.267373 6.105800 -0.219420 0.975504 -0.015739 9.110400 0.257560 0.073478 0.963465 0.705600 0.000000 0.000000 0.000000 1.000000
0.939419 0.207337 -0.272954 6.105800 -0.219718 0.975444 -0.015244 9.110400 0.263091 0.074293 0.961906 0.705600 0.000000 0.000000 0.000000 1.000000
0.935984 0.207297 -0.284539 6.105800 -0.220569 0.975255 -0.015045 9.110400 0.274379 0.076842 0.958547 0.705600 0.000000 0.000000 0.000000 1.000000
0.929052 0.207211 -0.306474 6.105800 -0.222408 0.974836 -0.015113 9.110400 0.295630 0.082203 0.951759 0.705600 0.000000 0.000000 0.000000 1.000000
0.919557 0.207075 -0.333970 6.105800 -0.225143 0.974196 -0.015869 9.110400 0.322066 0.089784 0.942450 0.705600 0.000000 0.000000 0.000000 1.000000
0.911680 0.206964 -0.354973 6.105800 -0.227338 0.973682 -0.016176 9.110400 0.342283 0.095446 0.934736 0.705600 0.000000 0.000000 0.000000 1.000000
0.908070 0.206909 -0.364138 6.105800 -0.228392 0.973431 -0.016434 9.110400 0.351063 0.098089 0.931200 0.705600 0.000000 0.000000 0.000000 1.000000
0.910416 0.206932 -0.358220 6.105800 -0.227913 0.973535 -0.016861 9.110400 0.345251 0.096994 0.933485 0.705600 0.000000 0.000000 0.000000 1.000000
0.916831 0.207021 -0.341415 6.105800 -0.226176 0.973942 -0.016809 9.110400 0.329039 0.092630 0.939762 0.705600 0.000000 0.000000 0.000000 1.000000
0.922493 0.207122 -0.325740 6.105800 -0.224200 0.974422 -0.015347 9.110400 0.314230 0.087189 0.945335 0.705600 0.000000 0.000000 0.000000 1.000000
0.923529 0.207183 -0.322754 6.105800 -0.223078 0.974719 -0.012622 9.110400 0.311980 0.083656 0.946399 0.705600 0.000000 0.000000 0.000000 1.000000
0.919547 0.207182 -0.333930 6.105800 -0.223251 0.974709 -0.010025 9.110400 0.323408 0.083768 0.942544 0.705600 0.000000 0.000000 0.000000 1.000000
0.913481 0.207127 -0.350216 6.105800 -0.224432 0.974448 -0.009078 9.110400 0.339387 0.086892 0.936625 0.705600 0.000000 0.000000 0.000000 1.000000
0.909386 0.207053 -0.360758 6.105800 -0.225864 0.974105 -0.010275 9.110400 0.349289 0.090826 0.932603 0.705600 0.000000 0.000000 0.000000 1.000000
0.909049 0.206999 -0.361637 6.105800 -0.226822 0.973853 -0.012737 9.110400 0.349545 0.093606 0.932232 0.705600 0.000000 0.000000 0.000000 1.000000
0.910851 0.206975 -0.357088 6.105800 -0.227162 0.973741 -0.015040 9.110400 0.344598 0.094816 0.933950 0.705600 0.000000 0.000000 0.000000 1.000000
0.912345 0.206966 -0.353258 6.105800 -0.227248 0.973698 -0.016437 9.110400 0.340565 0.095273 0.935382 0.705600 0.000000 0.000000 0.000000 1.000000
0.913016 0.206961 -0.351523 6.105800 -0.227292 0.973677 -0.017090 9.110400 0.338733 0.095502 0.936023 0.705600 0.000000 0.000000 0.000000 1.000000
0.914210 0.206970 -0.348400 6.105800 -0.227088 0.973718 -0.017437 9.110400 0.335635 0.095058 0.937184 0.705600 0.000000 0.000000 0.000000 1.000000
0.916973 0.207001 -0.341044 6.105800 -0.226452 0.973860 -0.017769 9.110400 0.328451 0.093524 0.939879 0.705600 0.000000 0.000000 0.000000 1.000000
0.920688 0.207041 -0.330859 6.105800 -0.225602 0.974048 -0.018260 9.110400 0.318493 0.091454 0.943503 0.705600 0.000000 0.000000 0.000000 1.000000
0.924264 0.207077 -0.320710 6.105800 -0.224814 0.974219 -0.018862 9.110400 0.308536 0.089533 0.946990 0.705600 0.000000 0.000000 0.000000 1.000000
0.927935 0.207124 -0.309898 6.105800 -0.223858 0.974436 -0.019027 9.110400 0.298035 0.087029 0.950579 0.705600 0.000000 0.000000 0.000000 1.000000
0.932842 0.207206 -0.294740 6.105800 -0.222254 0.974821 -0.018114 9.110400 0.283565 0.082405 0.955406 0.705600 0.000000 0.000000 0.000000 1.000000
0.938935 0.207314 -0.274632 6.105800 -0.220129 0.975334 -0.016337 9.110400 0.264471 0.075794 0.961411 0.705600 0.000000 0.000000 0.000000 1.000000
