<?xml version="1.0" encoding="utf-8"?>
<COLLADA xmlns="http://www.collada.org/2005/11/COLLADASchema" version="1.4.1">
  <asset><contributor><author>Mixamo</author><authoring_tool>COLLADA Mixamo exporter</authoring_tool><comments></comments></contributor><created>2019-03-10T18:27:57Z</created><modified>2019-03-10T18:27:57Z</modified><revision></revision><title></title><unit meter="0.010000"/><up_axis>Y_UP</up_axis></asset>
  <library_animations>
    <animation id="mixamorig_Hips-anim" name="mixamorig_Hips"><source id="mixamorig_Hips-Matrix-animation-input"><float_array id="mixamorig_Hips-Matrix-animation-input-array" count="36">

0.000000 0.033333 0.066667 0.100000 0.133333 0.166667 0.200000 0.233333 0.266667 0.300000 0.333333 0.366667 0.400000 0.433333 0.466667 0.500000
0.533333 0.566667 0.600000 0.633333 0.666667 0.700000 0.733333 0.766667 0.800000 0.833333 0.866667 0.900000 0.933333 0.966667 1.000000 1.033333
1.066667 1.100000 1.133333 1.166667</float_array><technique_common><accessor source="#mixamorig_Hips-Matrix-animation-input-array" count="36"><param name="TIME" type="float"/></accessor></technique_common></source><source id="mixamorig_Hips-Matrix-animation-output-transform"><float_array id="mixamorig_Hips-Matrix-animation-output-transform-array" count="576">

0.885739 0.041480 -0.462327 -0.295240 0.060037 0.977396 0.202714 86.605103 0.460285 -0.207309 0.863227 -0.218777 0.000000 0.000000 0.000000 1.000000
0.885911 0.041645 -0.461983 -0.300840 0.059763 0.977413 0.202710 86.607460 0.459990 -0.207193 0.863412 -0.213008 0.000000 0.000000 0.000000 1.000000
0.886145 0.041675 -0.461531 -0.306189 0.059639 0.977410 0.202765 86.608307 0.459555 -0.207204 0.863641 -0.211382 0.000000 0.000000 0.000000 1.000000
0.886337 0.041619 -0.461167 -0.308858 0.059594 0.977416 0.202746 86.608673 0.459191 -0.207184 0.863840 -0.216320 0.000000 0.000000 0.000000 1.000000
0.886398 0.041433 -0.461066 -0.308082 0.059582 0.977492 0.202387 86.613029 0.459073 -0.206866 0.863978 -0.229443 0.000000 0.000000 0.000000 1.000000
0.886301 0.040799 -0.461308 -0.306916 0.059981 0.977609 0.201701 86.627586 0.459208 -0.206438 0.864009 -0.245920 0.000000 0.000000 0.000000 1.000000
0.886011 0.039387 -0.461989 -0.308541 0.061657 0.977528 0.201585 86.654144 0.459547 -0.207091 0.863672 -0.249273 0.000000 0.000000 0.000000 1.000000
0.885176 0.037620 -0.463734 -0.311087 0.065170 0.976873 0.203645 86.679588 0.460670 -0.210483 0.862253 -0.209427 0.000000 0.000000 0.000000 1.000000
0.883053 0.037012 -0.467811 -0.311775 0.069678 0.975493 0.208705 86.677307 0.464071 -0.216893 0.858834 -0.088432 0.000000 0.000000 0.000000 1.000000
0.879475 0.038541 -0.474382 -0.316759 0.073561 0.973732 0.215489 86.630035 0.470226 -0.224413 0.853537 0.140008 0.000000 0.000000 0.000000 1.000000
0.875952 0.040585 -0.480687 -0.338797 0.076750 0.972037 0.221932 86.543182 0.476253 -0.231295 0.848343 0.451722 0.000000 0.000000 0.000000 1.000000
0.874515 0.040799 -0.483280 -0.383154 0.080730 0.970308 0.228000 86.424118 0.478233 -0.238405 0.845255 0.747669 0.000000 0.000000 0.000000 1.000000
0.875334 0.039630 -0.481891 -0.433859 0.085768 0.968104 0.235410 86.262131 0.475850 -0.247393 0.844016 0.900516 0.000000 0.000000 0.000000 1.000000
0.877110 0.038999 -0.478705 -0.461423 0.090444 0.965455 0.244369 86.050102 0.471698 -0.257634 0.843283 0.844352 0.000000 0.000000 0.000000 1.000000
0.879029 0.038856 -0.475183 -0.453728 0.093893 0.963046 0.252439 85.823082 0.467432 -0.266518 0.842897 0.615454 0.000000 0.000000 0.000000 1.000000
0.880656 0.038262 -0.472209 -0.424941 0.095832 0.961741 0.256652 85.646629 0.463963 -0.271275 0.843296 0.310750 0.000000 0.000000 0.000000 1.000000
0.881457 0.037917 -0.470740 -0.387736 0.095632 0.961791 0.256541 85.562103 0.462480 -0.271148 0.844151 0.014985 0.000000 0.000000 0.000000 1.000000
0.881525 0.038849 -0.470536 -0.336551 0.093349 0.962594 0.254360 85.563248 0.462817 -0.268149 0.844924 -0.237176 0.000000 0.000000 0.000000 1.000000
0.881441 0.040727 -0.470535 -0.260512 0.089938 0.963570 0.251879 85.624283 0.463652 -0.264336 0.845668 -0.443445 0.000000 0.000000 0.000000 1.000000
0.881210 0.042720 -0.470790 -0.160384 0.085946 0.964832 0.248421 85.723274 0.464846 -0.259373 0.846548 -0.599774 0.000000 0.000000 0.000000 1.000000
0.880332 0.044460 -0.472271 -0.047275 0.081487 0.966624 0.242893 85.837769 0.467307 -0.252310 0.847327 -0.697425 0.000000 0.000000 0.000000 1.000000
0.878844 0.045867 -0.474899 0.069599 0.076977 0.968696 0.236013 85.945213 0.470858 -0.243975 0.847803 -0.737891 0.000000 0.000000 0.000000 1.000000
0.877531 0.046848 -0.477227 0.185042 0.073101 0.970515 0.229691 86.031685 0.473916 -0.236446 0.848232 -0.733986 0.000000 0.000000 0.000000 1.000000
0.877063 0.047181 -0.478053 0.291114 0.070433 0.971780 0.225130 86.094292 0.475184 -0.231124 0.848989 -0.703978 0.000000 0.000000 0.000000 1.000000
0.877456 0.046808 -0.477367 0.374330 0.068871 0.972620 0.221962 86.139908 0.474686 -0.227639 0.850208 -0.664146 0.000000 0.000000 0.000000 1.000000
0.878354 0.045951 -0.475797 0.421572 0.067776 0.973341 0.219121 86.181503 0.473181 -0.224713 0.851824 -0.620014 0.000000 0.000000 0.000000 1.000000
0.879474 0.044931 -0.473821 0.429174 0.066700 0.974074 0.216173 86.229095 0.471249 -0.221722 0.853676 -0.569848 0.000000 0.000000 0.000000 1.000000
0.880710 0.044089 -0.471600 0.404623 0.065488 0.974761 0.213429 86.284622 0.469107 -0.218853 0.855594 -0.515772 0.000000 0.000000 0.000000 1.000000
0.881888 0.043656 -0.469434 0.356525 0.064073 0.975367 0.211076 86.345528 0.467086 -0.216223 0.857367 -0.464675 0.000000 0.000000 0.000000 1.000000
0.882726 0.043527 -0.467868 0.288145 0.062594 0.975934 0.208889 86.407303 0.465700 -0.213677 0.858758 -0.420032 0.000000 0.000000 0.000000 1.000000
0.883193 0.043288 -0.467008 0.203541 0.061488 0.976451 0.206793 86.464882 0.464962 -0.211353 0.859733 -0.379113 0.000000 0.000000 0.000000 1.000000
0.883564 0.042775 -0.466354 0.109450 0.060960 0.976842 0.205094 86.514351 0.464327 -0.209643 0.860494 -0.340211 0.000000 0.000000 0.000000 1.000000
0.884080 0.042253 -0.465421 0.009284 0.060702 0.977085 0.204009 86.552559 0.463376 -0.208612 0.861257 -0.307461 0.000000 0.000000 0.000000 1.000000
0.884740 0.041895 -0.464199 -0.095326 0.060453 0.977224 0.203417 86.578148 0.462148 -0.208033 0.862056 -0.281928 0.000000 0.000000 0.000000 1.000000
0.885344 0.041664 -0.463067 -0.199191 0.060199 0.977321 0.203028 86.594345 0.461024 -0.207626 0.862756 -0.255334 0.000000 0.000000 0.000000 1.000000
0.885739 0.041480 -0.462327 -0.295240 0.060037 0.977396 0.202714 86.605103 0.460285 -0.207309 0.863227 -0.218777 0.000000 0.000000 0.000000 1.000000</float_array><technique_common><accessor source="#mixamorig_Hips-Matrix-animation-output-transform-array" count="36" stride="16"><param type="float4x4"/></accessor></technique_common></source><source id="mixamorig_Hips-Interpolations"><Name_array id="mixamorig_Hips-Interpolations-array" count="36">
 LINEAR LINEAR LINEAR LINEAR LINEAR LINEAR LINEAR LINEAR LINEAR LINEAR LINEAR
LINEAR LINEAR LINEAR LINEAR LINEAR LINEAR LINEAR LINEAR LINEAR LINEAR LINEAR LINEAR
LINEAR LINEAR LINEAR LINEAR LINEAR LINEAR LINEAR LINEAR LINEAR LINEAR LINEAR LINEAR
LINEAR</Name_array><technique_common><accessor source="#mixamorig_Hips-Interpolations-array" count="36"><param type="name"/></accessor></technique_common></source><sampler id="mixamorig_Hips-Matrix-animation-transform"><input semantic="INPUT" source="#mixamorig_Hips-Matrix-animation-input"/><input semantic="OUTPUT" source="#mixamorig_Hips-Matrix-animation-output-transform"/><input semantic="INTERPOLATION" source="#mixamorig_Hips-Interpolations"/></sampler><channel source="#mixamorig_Hips-Matrix-animation-transform" target="mixamorig_Hips/matrix"/></animation>
    <animation id="mixamorig_Spine-anim" name="mixamorig_Spine"><source id="mixamorig_Spine-Matrix-animation-input"><float_array id="mixamorig_Spine-Matrix-animation-input-array" count="36">

0.000000 0.033333 0.066667 0.100000 0.133333 0.166667 0.200000 0.233333 0.266667 0.300000 0.333333 0.366667 0.400000 0.433333 0.466667 0.500000
0.533333 0.566667 0.600000 0.633333 0.666667 0.700000 0.733333 0.766667 0.800000 0.833333 0.866667 0.900000 0.933333 0.966667 1.000000 1.033333
1.066667 1.100000 1.133333 1.166667</float_array><technique_common><accessor source="#mixamorig_Spine-Matrix-animation-input-array" count="36"><param name="TIME" type="float"/></accessor></technique_common></source><source id="mixamorig_Spine-Matrix-animation-output-transform"><float_array id="mixamorig_Spine-Matrix-animation-output-transform-array" count="576">

0.999038 0.026917 0.034629 0.012400 -0.020757 0.985682 -0.167334 10.445200 -0.038637 0.166454 0.985292 -0.996300 0.000000 0.000000 0.000000 1.000000
0.999037 0.026929 0.034644 0.012400 -0.020768 0.985690 -0.167285 10.445200 -0.038653 0.166404 0.985300 -0.996300 0.000000 0.000000 0.000000 1.000000
0.999038 0.026928 0.034614 0.012400 -0.020773 0.985692 -0.167269 10.445200 -0.038623 0.166389 0.985304 -0.996300 0.000000 0.000000 0.000000 1.000000
0.999040 0.026939 0.034534 0.012400 -0.020797 0.985692 -0.167271 10.445200 -0.038546 0.166393 0.985306 -0.996300 0.000000 0.000000 0.000000 1.000000
0.999041 0.026967 0.034504 0.012400 -0.020831 0.985696 -0.167241 10.445200 -0.038520 0.166362 0.985312 -0.996300 0.000000 0.000000 0.000000 1.000000
0.999033 0.027016 0.034690 0.012400 -0.020852 0.985713 -0.167135 10.445200 -0.038710 0.166250 0.985324 -0.996300 0.000000 0.000000 0.000000 1.000000
0.999018 0.027116 0.035043 0.012400 -0.020898 0.985738 -0.166986 10.445200 -0.039071 0.166090 0.985336 -0.996300 0.000000 0.000000 0.000000 1.000000
0.999012 0.027286 0.035076 0.012400 -0.021068 0.985765 -0.166805 10.445200 -0.039128 0.165901 0.985366 -0.996300 0.000000 0.000000 0.000000 1.000000
0.999035 0.027355 0.034370 0.012400 -0.021275 0.985855 -0.166246 10.445200 -0.038431 0.165354 0.985485 -0.996300 0.000000 0.000000 0.000000 1.000000
0.999089 0.026743 0.033242 0.012400 -0.020921 0.986147 -0.164551 10.445200 -0.037182 0.163706 0.985808 -0.996300 0.000000 0.000000 0.000000 1.000000
0.999176 0.024818 0.032122 0.012400 -0.019319 0.986696 -0.161425 10.445200 -0.035701 0.160672 0.986362 -0.996300 0.000000 0.000000 0.000000 1.000000
0.999288 0.021834 0.030768 0.012400 -0.016708 0.987302 -0.157972 10.445200 -0.033827 0.157345 0.986964 -0.996300 0.000000 0.000000 0.000000 1.000000
0.999396 0.019073 0.029044 0.012400 -0.014318 0.987664 -0.155930 10.445200 -0.031660 0.155420 0.987341 -0.996300 0.000000 0.000000 0.000000 1.000000
0.999462 0.017709 0.027606 0.012400 -0.013190 0.987666 -0.156018 10.445200 -0.030029 0.155570 0.987368 -0.996300 0.000000 0.000000 0.000000 1.000000
0.999474 0.017893 0.027060 0.012400 -0.013411 0.987416 -0.157573 10.445200 -0.029539 0.157127 0.987136 -0.996300 0.000000 0.000000 0.000000 1.000000
0.999449 0.019027 0.027192 0.012400 -0.014455 0.987104 -0.159426 10.445200 -0.029875 0.158945 0.986835 -0.996300 0.000000 0.000000 0.000000 1.000000
0.999411 0.020509 0.027511 0.012400 -0.015823 0.986851 -0.160855 10.445200 -0.030448 0.160325 0.986595 -0.996300 0.000000 0.000000 0.000000 1.000000
0.999369 0.022095 0.027821 0.012400 -0.017305 0.986647 -0.161951 10.445200 -0.031028 0.161367 0.986407 -0.996300 0.000000 0.000000 0.000000 1.000000
0.999324 0.023694 0.028108 0.012400 -0.018802 0.986436 -0.163065 10.445200 -0.031590 0.162427 0.986215 -0.996300 0.000000 0.000000 0.000000 1.000000
0.999283 0.025067 0.028384 0.012400 -0.020077 0.986234 -0.164130 10.445200 -0.032108 0.163443 0.986030 -0.996300 0.000000 0.000000 0.000000 1.000000
0.999250 0.025958 0.028750 0.012400 -0.020873 0.986098 -0.164848 10.445200 -0.032629 0.164124 0.985900 -0.996300 0.000000 0.000000 0.000000 1.000000
0.999222 0.026341 0.029347 0.012400 -0.021142 0.986034 -0.165199 10.445200 -0.033289 0.164450 0.985823 -0.996300 0.000000 0.000000 0.000000 1.000000
0.999196 0.026376 0.030190 0.012400 -0.021029 0.985994 -0.165450 10.445200 -0.034131 0.164682 0.985756 -0.996300 0.000000 0.000000 0.000000 1.000000
0.999170 0.026271 0.031145 0.012400 -0.020755 0.985941 -0.165798 10.445200 -0.035063 0.165014 0.985668 -0.996300 0.000000 0.000000 0.000000 1.000000
0.999145 0.026141 0.032034 0.012400 -0.020465 0.985880 -0.166201 10.445200 -0.035926 0.165403 0.985571 -0.996300 0.000000 0.000000 0.000000 1.000000
0.999126 0.026013 0.032723 0.012400 -0.020213 0.985832 -0.166515 10.445200 -0.036591 0.165708 0.985496 -0.996300 0.000000 0.000000 0.000000 1.000000
0.999113 0.025949 0.033162 0.012400 -0.020070 0.985801 -0.166714 10.445200 -0.037017 0.165900 0.985448 -0.996300 0.000000 0.000000 0.000000 1.000000
0.999104 0.026006 0.033379 0.012400 -0.020083 0.985773 -0.166880 10.445200 -0.037243 0.166060 0.985412 -0.996300 0.000000 0.000000 0.000000 1.000000
0.999097 0.026127 0.033507 0.012400 -0.020176 0.985744 -0.167040 10.445200 -0.037393 0.166213 0.985381 -0.996300 0.000000 0.000000 0.000000 1.000000
0.999087 0.026231 0.033717 0.012400 -0.020240 0.985729 -0.167120 10.445200 -0.037620 0.166285 0.985360 -0.996300 0.000000 0.000000 0.000000 1.000000
0.999074 0.026329 0.034040 0.012400 -0.020284 0.985733 -0.167090 10.445200 -0.037954 0.166245 0.985354 -0.996300 0.000000 0.000000 0.000000 1.000000
0.999060 0.026459 0.034349 0.012400 -0.020363 0.985739 -0.167047 10.445200 -0.038279 0.166191 0.985350 -0.996300 0.000000 0.000000 0.000000 1.000000
0.999050 0.026606 0.034527 0.012400 -0.020477 0.985728 -0.167093 10.445200 -0.038480 0.166227 0.985336 -0.996300 0.000000 0.000000 0.000000 1.000000
0.999044 0.026751 0.034568 0.012400 -0.020608 0.985705 -0.167218 10.445200 -0.038547 0.166346 0.985314 -0.996300 0.000000 0.000000 0.000000 1.000000
0.999041 0.026864 0.034571 0.012400 -0.020715 0.985685 -0.167321 10.445200 -0.038571 0.166445 0.985296 -0.996300 0.000000 0.000000 0.000000 1.000000
0.999038 0.026917 0.034629 0.012400 -0.020757 0.985682 -0.167334 10.445200 -0.038637 0.166454 0.985292 -0.996300 0.000000 0.000000 0.000000 1.000000</float_array><technique_common><accessor source="#mixamorig_Spine-Matrix-animation-output-transform-array" count="36" stride="16"><param type="float4x4"/></accessor></technique_common></source><source id="mixamorig_Spine-Interpolations"><Name_array id="mixamorig_Spine-Interpolations-array" count="36">
 LINEAR LINEAR LINEAR LINEAR LINEAR LINEAR LINEAR LINEAR LINEAR LINEAR LINEAR
LINEAR LINEAR LINEAR LINEAR LINEAR LINEAR LINEAR LINEAR LINEAR LINEAR LINEAR LINEAR
LINEAR LINEAR LINEAR LINEAR LINEAR LINEAR LINEAR LINEAR LINEAR LINEAR LINEAR LINEAR
LINEAR</Name_array><technique_common><accessor source="#mixamorig_Spine-Interpolations-array" count="36"><param type="name"/></accessor></technique_common></source><sampler id="mixamorig_Spine-Matrix-animation-transform"><input semantic="INPUT" source="#mixamorig_Spine-Matrix-animation-input"/><input semantic="OUTPUT" source="#mixamorig_Spine-Matrix-animation-output-transform"/><input semantic="INTERPOLATION" source="#mixamorig_Spine-Interpolations"/></sampler><channel source="#mixamorig_Spine-Matrix-animation-transform" target="mixamorig_Spine/matrix"/></animation>
    <animation id="mixamorig_Spine1-anim" name="mixamorig_Spine1"><source id="mixamorig_Spine1-Matrix-animation-input"><float_array id="mixamorig_Spine1-Matrix-animation-input-array" count="36">

0.000000 0.033333 0.066667 0.100000 0.133333 0.166667 0.200000 0.233333 0.266667 0.300000 0.333333 0.366667 0.400000 0.433333 0.466667 0.500000
0.533333 0.566667 0.600000 0.633333 0.666667 0.700000 0.733333 0.766667 0.800000 0.833333 0.866667 0.900000 0.933333 0.966667 1.000000 1.033333
1.066667 1.100000 1.133333 1.166667</float_array><technique_common><accessor source="#mixamorig_Spine1-Matrix-animation-input-array" count="36"><param name="TIME" type="float"/></accessor></technique_common></source><source id="mixamorig_Spine1-Matrix-animation-output-transform"><float_array id="mixamorig_Spine1-Matrix-animation-output-transform-array" count="576">

0.996838 0.051612 0.060418 0.014600 -0.028839 0.943487 -0.330153 12.186100 -0.074044 0.327367 0.941992 -1.162300 0.000000 0.000000 0.000000 1.000000
0.996834 0.051657 0.060442 0.014600 -0.028881 0.943517 -0.330062 12.186100 -0.074078 0.327271 0.942022 -1.162300 0.000000 0.000000 0.000000 1.000000
0.996838 0.051660 0.060379 0.014600 -0.028907 0.943527 -0.330031 12.186100 -0.074018 0.327242 0.942037 -1.162300 0.000000 0.000000 0.000000 1.000000
0.996847 0.051671 0.060215 0.014600 -0.028971 0.943524 -0.330036 12.186100 -0.073868 0.327251 0.942046 -1.162300 0.000000 0.000000 0.000000 1.000000
0.996849 0.051703 0.060155 0.014600 -0.029026 0.943542 -0.329979 12.186100 -0.073820 0.327193 0.942070 -1.162300 0.000000 0.000000 0.000000 1.000000
0.996824 0.051731 0.060541 0.014600 -0.028942 0.943617 -0.329772 12.186100 -0.074187 0.326972 0.942117 -1.162300 0.000000 0.000000 0.000000 1.000000
0.996780 0.051741 0.061265 0.014600 -0.028736 0.943726 -0.329477 12.186100 -0.074865 0.326655 0.942174 -1.162300 0.000000 0.000000 0.000000 1.000000
0.996775 0.051739 0.061335 0.014600 -0.028740 0.943852 -0.329117 12.186100 -0.074919 0.326293 0.942295 -1.162300 0.000000 0.000000 0.000000 1.000000
0.996873 0.051516 0.059924 0.014600 -0.029076 0.944217 -0.328037 12.186100 -0.073481 0.325269 0.942762 -1.162300 0.000000 0.000000 0.000000 1.000000
0.997070 0.050152 0.057757 0.014600 -0.028738 0.945354 -0.324777 12.186100 -0.070889 0.322165 0.944026 -1.162300 0.000000 0.000000 0.000000 1.000000
0.997364 0.046364 0.055814 0.014600 -0.026207 0.947479 -0.318744 12.186100 -0.067661 0.316441 0.946196 -1.162300 0.000000 0.000000 0.000000 1.000000
0.997750 0.040342 0.053548 0.014600 -0.021658 0.949822 -0.312041 12.186100 -0.063449 0.310179 0.948558 -1.162300 0.000000 0.000000 0.000000 1.000000
0.998129 0.034552 0.050453 0.014600 -0.017356 0.951212 -0.308050 12.186100 -0.058635 0.306598 0.950032 -1.162300 0.000000 0.000000 0.000000 1.000000
0.998366 0.031502 0.047667 0.014600 -0.015299 0.951203 -0.308187 12.186100 -0.055049 0.306954 0.950131 -1.162300 0.000000 0.000000 0.000000 1.000000
0.998424 0.031558 0.046405 0.014600 -0.015571 0.950224 -0.311178 12.186100 -0.053915 0.309965 0.949218 -1.162300 0.000000 0.000000 0.000000 1.000000
0.998361 0.033505 0.046391 0.014600 -0.017223 0.949018 -0.314750 12.186100 -0.054572 0.313436 0.948040 -1.162300 0.000000 0.000000 0.000000 1.000000
0.998249 0.036217 0.046769 0.014600 -0.019520 0.948052 -0.317515 12.186100 -0.055839 0.316046 0.947099 -1.162300 0.000000 0.000000 0.000000 1.000000
0.998114 0.039290 0.047168 0.014600 -0.022183 0.947276 -0.319649 12.186100 -0.057241 0.317999 0.946361 -1.162300 0.000000 0.000000 0.000000 1.000000
0.997964 0.042518 0.047537 0.014600 -0.024994 0.946470 -0.321822 12.186100 -0.058675 0.319978 0.945606 -1.162300 0.000000 0.000000 0.000000 1.000000
0.997819 0.045389 0.047938 0.014600 -0.027457 0.945694 -0.323898 12.186100 -0.060036 0.321875 0.944877 -1.162300 0.000000 0.000000 0.000000 1.000000
0.997691 0.047410 0.048623 0.014600 -0.029060 0.945164 -0.325301 12.186100 -0.061379 0.323137 0.944359 -1.162300 0.000000 0.000000 0.000000 1.000000
0.997576 0.048533 0.049858 0.014600 -0.029677 0.944905 -0.325996 12.186100 -0.062932 0.323726 0.944056 -1.162300 0.000000 0.000000 0.000000 1.000000
0.997463 0.049031 0.051608 0.014600 -0.029547 0.944739 -0.326490 12.186100 -0.064764 0.324137 0.943791 -1.162300 0.000000 0.000000 0.000000 1.000000
0.997351 0.049228 0.053558 0.014600 -0.029051 0.944519 -0.327168 12.186100 -0.066693 0.324746 0.943447 -1.162300 0.000000 0.000000 0.000000 1.000000
0.997250 0.049287 0.055353 0.014600 -0.028466 0.944268 -0.327945 12.186100 -0.068431 0.325467 0.943074 -1.162300 0.000000 0.000000 0.000000 1.000000
0.997172 0.049272 0.056744 0.014600 -0.027952 0.944073 -0.328549 12.186100 -0.069759 0.326034 0.942781 -1.162300 0.000000 0.000000 0.000000 1.000000
0.997119 0.049329 0.057628 0.014600 -0.027688 0.943947 -0.328933 12.186100 -0.070623 0.326390 0.942593 -1.162300 0.000000 0.000000 0.000000 1.000000
0.997082 0.049565 0.058052 0.014600 -0.027748 0.943832 -0.329258 12.186100 -0.071111 0.326686 0.942454 -1.162300 0.000000 0.000000 0.000000 1.000000
0.997052 0.049891 0.058291 0.014600 -0.027954 0.943717 -0.329571 12.186100 -0.071453 0.326970 0.942330 -1.162300 0.000000 0.000000 0.000000 1.000000
0.997013 0.050183 0.058704 0.014600 -0.028083 0.943658 -0.329728 12.186100 -0.071943 0.327095 0.942249 -1.162300 0.000000 0.000000 0.000000 1.000000
0.996962 0.050458 0.059344 0.014600 -0.028137 0.943675 -0.329676 12.186100 -0.072636 0.327004 0.942227 -1.162300 0.000000 0.000000 0.000000 1.000000
0.996910 0.050756 0.059953 0.014600 -0.028226 0.943700 -0.329597 12.186100 -0.073306 0.326887 0.942216 -1.162300 0.000000 0.000000 0.000000 1.000000
0.996875 0.051045 0.060287 0.014600 -0.028382 0.943663 -0.329687 12.186100 -0.073720 0.326946 0.942163 -1.162300 0.000000 0.000000 0.000000 1.000000
0.996858 0.051306 0.060340 0.014600 -0.028593 0.943572 -0.329929 12.186100 -0.073862 0.327168 0.942075 -1.162300 0.000000 0.000000 0.000000 1.000000
0.996849 0.051506 0.060318 0.014600 -0.028774 0.943497 -0.330128 12.186100 -0.073914 0.327352 0.942007 -1.162300 0.000000 0.000000 0.000000 1.000000
0.996838 0.051612 0.060418 0.014600 -0.028839 0.943487 -0.330153 12.186100 -0.074044 0.327367 0.941992 -1.162300 0.000000 0.000000 0.000000 1.000000</float_array><technique_common><accessor source="#mixamorig_Spine1-Matrix-animation-output-transform-array" count="36" stride="16"><param type="float4x4"/></accessor></technique_common></source><source id="mixamorig_Spine1-Interpolations"><Name_array id="mixamorig_Spine1-Interpolations-array" count="36">
 LINEAR LINEAR LINEAR LINEAR LINEAR LINEAR LINEAR LINEAR LINEAR LINEAR LINEAR
LINEAR LINEAR LINEAR LINEAR LINEAR LINEAR LINEAR LINEAR LINEAR LINEAR LINEAR LINEAR
LINEAR LINEAR LINEAR LINEAR LINEAR LINEAR LINEAR LINEAR LINEAR LINEAR LINEAR LINEAR
LINEAR</Name_array><technique_common><accessor source="#mixamorig_Spine1-Interpolations-array" count="36"><param type="name"/></accessor></technique_common></source><sampler id="mixamorig_Spine1-Matrix-animation-transform"><input semantic="INPUT" source="#mixamorig_Spine1-Matrix-animation-input"/><input semantic="OUTPUT" source="#mixamorig_Spine1-Matrix-animation-output-transform"/><input semantic="INTERPOLATION" source="#mixamorig_Spine1-Interpolations"/></sampler><channel source="#mixamorig_Spine1-Matrix-animation-transform" target="mixamorig_Spine1/matrix"/></animation>
    <animation id="mixamorig_Spine2-anim" name="mixamorig_Spine2"><source id="mixamorig_Spine2-Matrix-animation-input"><float_array id="mixamorig_Spine2-Matrix-animation-input-array" count="36">

0.000000 0.033333 0.066667 0.100000 0.133333 0.166667 0.200000 0.233333 0.266667 0.300000 0.333333 0.366667 0.400000 0.433333 0.466667 0.500000
0.533333 0.566667 0.600000 0.633333 0.666667 0.700000 0.733333 0.766667 0.800000 0.833333 0.866667 0.900000 0.933333 0.966667 1.000000 1.033333
1.066667 1.100000 1.133333 1.166667</float_array><technique_common><accessor source="#mixamorig_Spine2-Matrix-animation-input-array" count="36"><param name="TIME" type="float"/></accessor></technique_common></source><source id="mixamorig_Spine2-Matrix-animation-output-transform"><float_array id="mixamorig_Spine2-Matrix-animation-output-transform-array" count="576">

0.996838 0.051612 0.060419 0.016600 -0.028839 0.943487 -0.330153 13.927000 -0.074044 0.327367 0.941992 -1.328400 0.000000 0.000000 0.000000 1.000000
0.996834 0.051657 0.060442 0.016600 -0.028881 0.943517 -0.330062 13.927000 -0.074078 0.327271 0.942022 -1.328400 0.000000 0.000000 0.000000 1.000000
0.996838 0.051660 0.060379 0.016600 -0.028907 0.943527 -0.330031 13.927000 -0.074018 0.327242 0.942037 -1.328400 0.000000 0.000000 0.000000 1.000000
0.996847 0.051671 0.060215 0.016600 -0.028971 0.943523 -0.330037 13.927000 -0.073867 0.327252 0.942046 -1.328400 0.000000 0.000000 0.000000 1.000000
0.996849 0.051703 0.060155 0.016600 -0.029026 0.943542 -0.329979 13.927000 -0.073820 0.327193 0.942070 -1.328400 0.000000 0.000000 0.000000 1.000000
0.996824 0.051731 0.060541 0.016600 -0.028942 0.943617 -0.329772 13.927000 -0.074187 0.326972 0.942117 -1.328400 0.000000 0.000000 0.000000 1.000000
0.996780 0.051741 0.061265 0.016600 -0.028736 0.943726 -0.329477 13.927000 -0.074865 0.326655 0.942174 -1.328400 0.000000 0.000000 0.000000 1.000000
0.996775 0.051739 0.061335 0.016600 -0.028740 0.943852 -0.329117 13.927000 -0.074919 0.326293 0.942295 -1.328400 0.000000 0.000000 0.000000 1.000000
0.996873 0.051516 0.059924 0.016600 -0.029076 0.944217 -0.328037 13.927000 -0.073480 0.325269 0.942762 -1.328400 0.000000 0.000000 0.000000 1.000000
0.997070 0.050152 0.057757 0.016600 -0.028738 0.945354 -0.324777 13.927000 -0.070889 0.322165 0.944026 -1.328400 0.000000 0.000000 0.000000 1.000000
0.997364 0.046364 0.055814 0.016600 -0.026207 0.947479 -0.318743 13.927000 -0.067661 0.316441 0.946196 -1.328400 0.000000 0.000000 0.000000 1.000000
0.997750 0.040342 0.053548 0.016600 -0.021658 0.949822 -0.312041 13.927000 -0.063449 0.310179 0.948558 -1.328400 0.000000 0.000000 0.000000 1.000000
0.998129 0.034552 0.050453 0.016600 -0.017356 0.951212 -0.308050 13.927000 -0.058635 0.306597 0.950032 -1.328400 0.000000 0.000000 0.000000 1.000000
0.998366 0.031502 0.047667 0.016600 -0.015299 0.951203 -0.308187 13.927000 -0.055049 0.306954 0.950131 -1.328400 0.000000 0.000000 0.000000 1.000000
0.998424 0.031558 0.046405 0.016600 -0.015571 0.950224 -0.311178 13.927000 -0.053915 0.309965 0.949218 -1.328400 0.000000 0.000000 0.000000 1.000000
0.998361 0.033505 0.046391 0.016600 -0.017223 0.949018 -0.314751 13.927000 -0.054572 0.313436 0.948040 -1.328400 0.000000 0.000000 0.000000 1.000000
0.998249 0.036217 0.046769 0.016600 -0.019520 0.948052 -0.317515 13.927000 -0.055839 0.316046 0.947099 -1.328400 0.000000 0.000000 0.000000 1.000000
0.998114 0.039290 0.047168 0.016600 -0.022183 0.947276 -0.319649 13.927000 -0.057240 0.317999 0.946361 -1.328400 0.000000 0.000000 0.000000 1.000000
0.997964 0.042518 0.047537 0.016600 -0.024994 0.946470 -0.321822 13.927000 -0.058675 0.319979 0.945606 -1.328400 0.000000 0.000000 0.000000 1.000000
0.997819 0.045389 0.047938 0.016600 -0.027457 0.945693 -0.323898 13.927000 -0.060036 0.321875 0.944877 -1.328400 0.000000 0.000000 0.000000 1.000000
0.997691 0.047410 0.048623 0.016600 -0.029060 0.945164 -0.325301 13.927000 -0.061379 0.323137 0.944360 -1.328400 0.000000 0.000000 0.000000 1.000000
0.997576 0.048533 0.049858 0.016600 -0.029677 0.944905 -0.325996 13.927000 -0.062932 0.323726 0.944056 -1.328400 0.000000 0.000000 0.000000 1.000000
0.997463 0.049031 0.051608 0.016600 -0.029547 0.944739 -0.326490 13.927000 -0.064764 0.324137 0.943791 -1.328400 0.000000 0.000000 0.000000 1.000000
0.997351 0.049228 0.053558 0.016600 -0.029051 0.944519 -0.327168 13.927000 -0.066693 0.324746 0.943447 -1.328400 0.000000 0.000000 0.000000 1.000000
0.997250 0.049287 0.055353 0.016600 -0.028466 0.944268 -0.327945 13.927000 -0.068431 0.325467 0.943074 -1.328400 0.000000 0.000000 0.000000 1.000000
0.997172 0.049272 0.056744 0.016600 -0.027952 0.944073 -0.328549 13.927000 -0.069759 0.326033 0.942781 -1.328400 0.000000 0.000000 0.000000 1.000000
0.997119 0.049329 0.057628 0.016600 -0.027688 0.943947 -0.328933 13.927000 -0.070623 0.326390 0.942593 -1.328400 0.000000 0.000000 0.000000 1.000000
0.997082 0.049565 0.058052 0.016600 -0.027748 0.943832 -0.329258 13.927000 -0.071111 0.326686 0.942454 -1.328400 0.000000 0.000000 0.000000 1.000000
0.997052 0.049891 0.058291 0.016600 -0.027954 0.943717 -0.329571 13.927000 -0.071453 0.326970 0.942330 -1.328400 0.000000 0.000000 0.000000 1.000000
0.997013 0.050183 0.058704 0.016600 -0.028083 0.943658 -0.329728 13.927000 -0.071943 0.327095 0.942249 -1.328400 0.000000 0.000000 0.000000 1.000000
0.996961 0.050458 0.059344 0.016600 -0.028137 0.943675 -0.329676 13.927000 -0.072637 0.327004 0.942227 -1.328400 0.000000 0.000000 0.000000 1.000000
0.996910 0.050756 0.059953 0.016600 -0.028226 0.943700 -0.329597 13.927000 -0.073306 0.326887 0.942216 -1.328400 0.000000 0.000000 0.000000 1.000000
0.996875 0.051045 0.060287 0.016600 -0.028382 0.943663 -0.329687 13.927000 -0.073720 0.326946 0.942163 -1.328400 0.000000 0.000000 0.000000 1.000000
0.996858 0.051306 0.060340 0.016600 -0.028593 0.943572 -0.329930 13.927000 -0.073862 0.327168 0.942075 -1.328400 0.000000 0.000000 0.000000 1.000000
0.996849 0.051506 0.060319 0.016600 -0.028774 0.943497 -0.330128 13.927000 -0.073914 0.327352 0.942007 -1.328400 0.000000 0.000000 0.000000 1.000000
0.996838 0.051612 0.060419 0.016600 -0.028839 0.943487 -0.330153 13.927000 -0.074044 0.327367 0.941992 -1.328400 0.000000 0.000000 0.000000 1.000000</float_array><technique_common><accessor source="#mixamorig_Spine2-Matrix-animation-output-transform-array" count="36" stride="16"><param type="float4x4"/></accessor></technique_common></source><source id="mixamorig_Spine2-Interpolations"><Name_array id="mixamorig_Spine2-Interpolations-array" count="36">
 LINEAR LINEAR LINEAR LINEAR LINEAR LINEAR LINEAR LINEAR LINEAR LINEAR LINEAR
LINEAR LINEAR LINEAR LINEAR LINEAR LINEAR LINEAR LINEAR LINEAR LINEAR LINEAR LINEAR
LINEAR LINEAR LINEAR LINEAR LINEAR LINEAR LINEAR LINEAR LINEAR LINEAR LINEAR LINEAR
LINEAR</Name_array><technique_common><accessor source="#mixamorig_Spine2-Interpolations-array" count="36"><param type="name"/></accessor></technique_common></source><sampler id="mixamorig_Spine2-Matrix-animation-transform"><input semantic="INPUT" source="#mixamorig_Spine2-Matrix-animation-input"/><input semantic="OUTPUT" source="#mixamorig_Spine2-Matrix-animation-output-transform"/><input semantic="INTERPOLATION" source="#mixamorig_Spine2-Interpolations"/></sampler><channel source="#mixamorig_Spine2-Matrix-animation-transform" target="mixamorig_Spine2/matrix"/></animation>
    <animation id="mixamorig_Neck-anim" name="mixamorig_Neck"><source id="mixamorig_Neck-Matrix-animation-input"><float_array id="mixamorig_Neck-Matrix-animation-input-array" count="36">

0.000000 0.033333 0.066667 0.100000 0.133333 0.166667 0.200000 0.233333 0.266667 0.300000 0.333333 0.366667 0.400000 0.433333 0.466667 0.500000
0.533333 0.566667 0.600000 0.633333 0.666667 0.700000 0.733333 0.766667 0.800000 0.833333 0.866667 0.900000 0.933333 0.966667 1.000000 1.033333
1.066667 1.100000 1.133333 1.166667</float_array><technique_common><accessor source="#mixamorig_Neck-Matrix-animation-input-array" count="36"><param name="TIME" type="float"/></accessor></technique_common></source><source id="mixamorig_Neck-Matrix-animation-output-transform"><float_array id="mixamorig_Neck-Matrix-animation-output-transform-array" count="576">

0.995524 -0.000679 0.094502 0.018700 -0.032790 0.935374 0.352138 15.667800 -0.088633 -0.353660 0.931165 -1.494400 0.000000 0.000000 0.000000 1.000000
0.995515 -0.000070 0.094599 0.018700 -0.033372 0.935449 0.351883 15.667800 -0.088517 -0.353462 0.931251 -1.494400 0.000000 0.000000 0.000000 1.000000
0.995466 0.001148 0.095115 0.018700 -0.034660 0.935562 0.351459 15.667800 -0.088583 -0.353162 0.931359 -1.494400 0.000000 0.000000 0.000000 1.000000
0.995397 0.002436 0.095802 0.018700 -0.036116 0.935505 0.351462 15.667800 -0.088767 -0.353305 0.931287 -1.494400 0.000000 0.000000 0.000000 1.000000
0.995363 0.003162 0.096138 0.018700 -0.036979 0.935232 0.352098 15.667800 -0.088798 -0.354020 0.931013 -1.494400 0.000000 0.000000 0.000000 1.000000
0.995363 0.003442 0.096128 0.018700 -0.037244 0.935201 0.352154 15.667800 -0.088687 -0.354102 0.930992 -1.494400 0.000000 0.000000 0.000000 1.000000
0.995314 0.004647 0.096583 0.018700 -0.038310 0.936056 0.349759 15.667800 -0.088781 -0.351821 0.931848 -1.494400 0.000000 0.000000 0.000000 1.000000
0.995168 0.007240 0.097922 0.018700 -0.040832 0.937470 0.345663 15.667800 -0.089296 -0.347991 0.933236 -1.494400 0.000000 0.000000 0.000000 1.000000
0.995093 0.006111 0.098754 0.018700 -0.039954 0.937916 0.344554 15.667800 -0.090518 -0.346809 0.933558 -1.494400 0.000000 0.000000 0.000000 1.000000
0.995267 -0.006935 0.096930 0.018700 -0.027540 0.936430 0.349771 15.667800 -0.093194 -0.350785 0.931807 -1.494400 0.000000 0.000000 0.000000 1.000000
0.995128 -0.032310 0.093148 0.018700 -0.003203 0.933687 0.358076 15.667800 -0.098540 -0.356629 0.929035 -1.494400 0.000000 0.000000 0.000000 1.000000
0.993812 -0.062460 0.091847 0.018700 0.024686 0.930434 0.365627 15.667800 -0.108295 -0.361097 0.926219 -1.494400 0.000000 0.000000 0.000000 1.000000
0.991245 -0.091606 0.095088 0.018700 0.049616 0.925820 0.374695 15.667800 -0.122359 -0.366696 0.922259 -1.494400 0.000000 0.000000 0.000000 1.000000
0.988337 -0.115939 0.098729 0.018700 0.069210 0.919499 0.386952 15.667800 -0.135644 -0.375606 0.916799 -1.494400 0.000000 0.000000 0.000000 1.000000
0.986782 -0.128881 0.098237 0.018700 0.079843 0.914188 0.397349 15.667800 -0.141018 -0.384253 0.912394 -1.494400 0.000000 0.000000 0.000000 1.000000
0.987568 -0.125256 0.094972 0.018700 0.077503 0.913644 0.399058 15.667800 -0.136755 -0.386736 0.911994 -1.494400 0.000000 0.000000 0.000000 1.000000
0.989591 -0.109189 0.093741 0.018700 0.064359 0.918416 0.390347 15.667800 -0.128715 -0.380251 0.915883 -1.494400 0.000000 0.000000 0.000000 1.000000
0.991143 -0.091405 0.096335 0.018700 0.048846 0.925499 0.375588 15.667800 -0.123489 -0.367556 0.921766 -1.494400 0.000000 0.000000 0.000000 1.000000
0.991877 -0.078510 0.100079 0.018700 0.037312 0.931760 0.361153 15.667800 -0.121603 -0.354485 0.927121 -1.494400 0.000000 0.000000 0.000000 1.000000
0.992384 -0.069317 0.101832 0.018700 0.029372 0.935964 0.350868 15.667800 -0.119632 -0.345205 0.930871 -1.494400 0.000000 0.000000 0.000000 1.000000
0.993025 -0.060693 0.101084 0.018700 0.022229 0.938330 0.345025 15.667800 -0.115790 -0.340371 0.933134 -1.494400 0.000000 0.000000 0.000000 1.000000
0.993677 -0.052471 0.099259 0.018700 0.015430 0.939507 0.342182 15.667800 -0.111209 -0.338487 0.934376 -1.494400 0.000000 0.000000 0.000000 1.000000
0.994130 -0.046128 0.097862 0.018700 0.010093 0.940151 0.340609 15.667800 -0.107717 -0.337622 0.935098 -1.494400 0.000000 0.000000 0.000000 1.000000
0.994368 -0.041841 0.097368 0.018700 0.006383 0.940742 0.339064 15.667800 -0.105785 -0.336533 0.935711 -1.494400 0.000000 0.000000 0.000000 1.000000
0.994534 -0.038094 0.097212 0.018700 0.003101 0.941432 0.337188 15.667800 -0.104364 -0.335044 0.936405 -1.494400 0.000000 0.000000 0.000000 1.000000
0.994746 -0.033374 0.096783 0.018700 -0.001019 0.942096 0.335342 15.667800 -0.102370 -0.333679 0.937112 -1.494400 0.000000 0.000000 0.000000 1.000000
0.994960 -0.027785 0.096347 0.018700 -0.006075 0.942376 0.334501 15.667800 -0.100089 -0.333400 0.937457 -1.494400 0.000000 0.000000 0.000000 1.000000
0.995090 -0.022566 0.096369 0.018700 -0.011140 0.941940 0.335598 15.667800 -0.098347 -0.335023 0.937063 -1.494400 0.000000 0.000000 0.000000 1.000000
0.995158 -0.018576 0.096515 0.018700 -0.015263 0.940858 0.338458 15.667800 -0.097094 -0.338292 0.936019 -1.494400 0.000000 0.000000 0.000000 1.000000
0.995235 -0.015696 0.096234 0.018700 -0.018246 0.939545 0.341940 15.667800 -0.095783 -0.342066 0.934781 -1.494400 0.000000 0.000000 0.000000 1.000000
0.995338 -0.013147 0.095550 0.018700 -0.020744 0.938306 0.345185 15.667800 -0.094193 -0.345557 0.933658 -1.494400 0.000000 0.000000 0.000000 1.000000
0.995436 -0.010236 0.094885 0.018700 -0.023536 0.937192 0.348019 15.667800 -0.092488 -0.348663 0.932673 -1.494400 0.000000 0.000000 0.000000 1.000000
0.995493 -0.007238 0.094562 0.018700 -0.026475 0.936236 0.350373 15.667800 -0.091068 -0.351297 0.931824 -1.494400 0.000000 0.000000 0.000000 1.000000
0.995505 -0.004884 0.094585 0.018700 -0.028853 0.935563 0.351979 15.667800 -0.090209 -0.353126 0.931217 -1.494400 0.000000 0.000000 0.000000 1.000000
0.995504 -0.002983 0.094676 0.018700 -0.030723 0.935299 0.352522 15.667800 -0.089602 -0.353846 0.931002 -1.494400 0.000000 0.000000 0.000000 1.000000
0.995524 -0.000679 0.094502 0.018700 -0.032790 0.935374 0.352138 15.667800 -0.088633 -0.353660 0.931165 -1.494400 0.000000 0.000000 0.000000 1.000000</float_array><technique_common><accessor source="#mixamorig_Neck-Matrix-animation-output-transform-array" count="36" stride="16"><param type="float4x4"/></accessor></technique_common></source><source id="mixamorig_Neck-Interpolations"><Name_array id="mixamorig_Neck-Interpolations-array" count="36">
 LINEAR LINEAR LINEAR LINEAR LINEAR LINEAR LINEAR LINEAR LINEAR LINEAR LINEAR
LINEAR LINEAR LINEAR LINEAR LINEAR LINEAR LINEAR LINEAR LINEAR LINEAR LINEAR LINEAR
LINEAR LINEAR LINEAR LINEAR LINEAR LINEAR LINEAR LINEAR LINEAR LINEAR LINEAR LINEAR
LINEAR</Name_array><technique_common><accessor source="#mixamorig_Neck-Interpolations-array" count="36"><param type="name"/></accessor></technique_common></source><sampler id="mixamorig_Neck-Matrix-animation-transform"><input semantic="INPUT" source="#mixamorig_Neck-Matrix-animation-input"/><input semantic="OUTPUT" source="#mixamorig_Neck-Matrix-animation-output-transform"/><input semantic="INTERPOLATION" source="#mixamorig_Neck-Interpolations"/></sampler><channel source="#mixamorig_Neck-Matrix-animation-transform" target="mixamorig_Neck/matrix"/></animation>
    <animation id="mixamorig_Head-anim" name="mixamorig_Head"><source id="mixamorig_Head-Matrix-animation-input"><float_array id="mixamorig_Head-Matrix-animation-input-array" count="36">

0.000000 0.033333 0.066667 0.100000 0.133333 0.166667 0.200000 0.233333 0.266667 0.300000 0.333333 0.366667 0.400000 0.433333 0.466667 0.500000
0.533333 0.566667 0.600000 0.633333 0.666667 0.700000 0.733333 0.766667 0.800000 0.833333 0.866667 0.900000 0.933333 0.966667 1.000000 1.033333
1.066667 1.100000 1.133333 1.166667</float_array><technique_common><accessor source="#mixamorig_Head-Matrix-animation-input-array" count="36"><param name="TIME" type="float"/></accessor></technique_common></source><source id="mixamorig_Head-Matrix-animation-output-transform"><float_array id="mixamorig_Head-Matrix-animation-output-transform-array" count="576">

0.999494 0.022477 -0.022526 -0.000000 -0.017044 0.975910 0.217508 7.087800 0.026873 -0.217014 0.975799 0.888700 0.000000 0.000000 0.000000 1.000000
0.999499 0.022192 -0.022567 0.000000 -0.016755 0.975899 0.217578 7.087800 0.026852 -0.217091 0.975782 0.888700 0.000000 0.000000 0.000000 1.000000
0.999517 0.021683 -0.022242 0.000000 -0.016323 0.975857 0.217800 7.087800 0.026428 -0.217332 0.975740 0.888700 0.000000 0.000000 0.000000 1.000000
0.999538 0.021360 -0.021619 -0.000000 -0.016141 0.975835 0.217911 7.087800 0.025751 -0.217461 0.975729 0.888700 0.000000 0.000000 0.000000 1.000000
0.999547 0.021512 -0.021031 0.000000 -0.016405 0.975733 0.218348 7.087800 0.025217 -0.217904 0.975644 0.888700 0.000000 0.000000 0.000000 1.000000
0.999553 0.021704 -0.020538 0.000000 -0.016644 0.975231 0.220560 7.087800 0.024816 -0.220119 0.975157 0.888700 0.000000 0.000000 0.000000 1.000000
0.999566 0.022120 -0.019446 -0.000000 -0.017196 0.974346 0.224396 7.087800 0.023911 -0.223964 0.974304 0.888700 0.000000 0.000000 0.000000 1.000000
0.999505 0.026659 -0.016718 -0.000000 -0.022252 0.974445 0.223520 7.087800 0.022250 -0.223038 0.974556 0.888700 0.000000 0.000000 0.000000 1.000000
0.999003 0.042907 -0.012325 0.000000 -0.039440 0.977631 0.206595 7.087800 0.020914 -0.205903 0.978349 0.888700 0.000000 0.000000 0.000000 1.000000
0.997335 0.072403 -0.008977 0.000000 -0.069834 0.983004 0.169782 7.087800 0.021118 -0.168703 0.985441 0.888700 0.000000 0.000000 0.000000 1.000000
0.994746 0.101973 -0.009033 0.000000 -0.099970 0.986619 0.128801 7.087800 0.022046 -0.127221 0.991629 0.888700 0.000000 0.000000 0.000000 1.000000
0.993220 0.115947 -0.008381 -0.000000 -0.114380 0.987582 0.107698 7.087800 0.020764 -0.106009 0.994148 0.888700 0.000000 0.000000 0.000000 1.000000
0.993641 0.112564 -0.002663 0.000000 -0.111538 0.987267 0.113414 7.087800 0.015396 -0.112395 0.993544 0.888700 0.000000 0.000000 0.000000 1.000000
